-4.79894880699
-4.55637494081
-4.41787303562
-4.2547431042
-4.45847490413
-4.73832456006
-4.97198802034
-4.21183515649
-4.11677875887
-4.38128038524
-4.58382351408
-4.00282451527
-4.90779529706
-4.67428840869
-4.87015188251
3.10167498312
3.43419989966
3.56307558
3.46143046416
3.72107276712
3.82620363369
3.27516644873
3.84530019622
3.6990324285
3.55040512527
3.39202253359
3.15292385335
3.3949797453
3.71337819316
3.43612769745
3.67899977358
3.16422154596
3.15975423901
3.46545952548
3.79765655099
3.0412811496
3.48161731803
3.38750974902
3.66763207305
3.43423795169
3.54659816932
3.24874108165
3.71293592252
3.08429935343
3.07460285122
6.34135549146
6.65845994877
6.27277848992
6.48501878403
6.29732137679
6.75985019148
6.25223637749
6.65198204219
6.3476704439
6.28756303204
6.88296539402
6.57664276646
6.70022332796
6.71227392583
6.7216158395
6.77239697681
6.54139392272
6.60259078463
6.98476298242
6.26503166483
10.881227467
11.7386730963
10.0164538722
11.7619412966
10.7728181174
11.0683583182
10.1915437927
11.3678126194
10.9914138136
11.4609215656
10.206939578
11.1672891808
10.3945911419
11.5221199728
10.3970990815
11.4585279415
10.2564121102
11.2426824781
10.8609800983
11.6230487658
10.8451586546
11.3652646007
10.3639611438
11.0376879418
10.0854955035
11.739652046
10.1266917376
11.0722064983
10.4145098455
11.2210289407
10.9347060574
11.5697736779
10.7619638117
11.4475766676
10.8121053886
11.995504751
10.5729415692
11.0808183709
10.0308000724
11.2074886177
10.5700917137
11.0774957089
10.2463839765
11.3208992338
10.7957309805
11.0715098458
10.9563015659
11.0716554802
10.4910210952
11.174982898
10.1766235193
11.3350395958
10.1556449399
11.0192207143
10.0019183649
11.4242816589
10.519528726
11.4912477263
10.8926440952
11.5034206377
10.3157972009
11.7097793989
10.0380851435
11.1442538502
10.637682304
11.7243475045
10.750735978
11.6628195796
10.4480876546
11.223484303
10.4752246316
11.9461946668
10.2536173593
11.0356619653
10.6001684714
11.6568787418
10.154425988
11.3180994217
10.9204170463
11.6717638006