0.7261955048997596 0.3652491421545616 
0.055343420875817784 0.30837166711862096 
0.605242032876699 0.5112286798904904
0.8272482381852151 0.95283176412724
0.46347039779286736 0.7621278593964838
0.5825889788313896 0.7398769528600172
0.5991709130501642 0.8724127726304233
0.6339811562865446 0.15885733646173938
0.7816899256138795 0.19888274234705938
0.4989223828917555 0.8602621335666272
0.3648121732230357 0.09400905471411558
5.757045720189268 5.116376895912041
5.09990527041905 5.510740804632041
5.06244567535941 5.52931651985147
5.352467362329189 5.400962334243353
5.040724188642069 5.119751261798524
5.734707659548859 5.1244939085297165
5.874295770001485 5.06644355521243
5.915845590302933 5.697658245008407
5.160237154982855 5.40486085508634
5.315940519566964 5.411289041101815
5.392848325436686 5.0766027822765025
10.34108498648149 10.178800490456021
10.386048688288705 10.931491239591942
10.450914768499386 10.959627148433727
10.539223478173188 10.87943779069307
10.655572736381364 10.494002956936699
10.242261281281584 10.654349954743271
10.19338674322285 10.386304757906686
10.218367632118257 10.59757690851439
10.787827122929436 10.760909957025945
10.069003843746032 10.071100363340975
10.197850349879074 10.748349453240152