-0.121854 -0.936556
-0.373933 0.247956
0.413417 -0.997405
0.446704 -0.065735
-0.059582 0.224371
-0.343087 0.175587
-0.958276 0.667276
0.821802 0.775877
0.530284 0.471539
0.897611 0.912810
0.531902 -0.829713
0.704168 -0.568751
-0.447829 -0.227743
-0.065055 -0.821026
-0.347750 -0.751426
0.082339 0.697512
-0.120492 0.015588
0.647874 0.467910
-0.873598 0.437854
-0.666226 -0.624087
-0.946818 -0.432281
0.141182 -0.703679
-0.355830 0.478385
0.402280 -0.593144
-0.143251 0.111933
-0.675008 0.303659
0.367095 -0.864779
0.075889 0.538736
-0.905887 -0.154673
0.871778 -0.737211
0.861678 -0.665823
-0.657489 -0.783209
0.585968 -0.529106
-0.418682 0.703629
0.753766 -0.281877
-0.647096 0.131474
0.910667 -0.653157
0.507386 -0.045433
-0.996393 0.244020
-0.448608 0.812853
0.148092 0.520375
0.018548 0.879922
-0.452224 0.415313
0.584367 0.879558
-0.917035 -0.283629
0.617922 -0.036183
0.859954 0.997345
0.673288 -0.158734
-0.352704 0.793360
0.970521 0.636951
-0.857077 -0.525285
0.625416 0.890865
-0.536922 0.766022
0.072600 -0.068210
-0.766567 -0.624090
-0.444015 -0.421145
0.414454 0.784968
-0.405088 -0.084137
0.981177 -0.005601
0.750499 -0.209446
0.894558 0.465174
0.142761 -0.123054
-0.426866 0.804910
-0.031800 -0.940649
0.177367 -0.594888
-0.076686 -0.987806
-0.813183 0.808804
0.012702 0.958484
0.933015 0.469991
0.562188 -0.694160
0.861545 -0.957530
-0.935554 -0.163131
0.407892 -0.330405
0.511718 -0.525322
0.370912 0.821805
-0.360936 0.667629
-0.518342 -0.138907
0.821122 0.194952
0.371693 0.521005
0.589851 0.646014
0.704486 0.232635
-0.235631 -0.995711
-0.390477 0.448063
-0.203263 -0.224030
-0.892383 0.493072
-0.313290 0.629532
0.187267 0.969487
0.179771 0.802450
0.584583 0.461354
0.479094 0.304470
0.980628 0.074757
-0.238419 0.063185
-0.228080 -0.712377
0.814227 -0.627670
0.579699 0.143124
-0.666322 0.163614
0.474278 0.564686
0.900990 -0.841099
-0.677538 -0.528232
-0.332974 0.057991
-0.796232 -0.680626
-0.562174 -0.620396
-0.759358 -0.648174
-0.581216 -0.682214
-0.597023 -0.747882
-0.646314 -0.732810
-0.788227 -0.644034
-0.619409 -0.711346
-0.613421 -0.758734
-0.642704 -0.611268
-0.518062 -0.521067
-0.716085 -0.576407
-0.621175 -0.502813
-0.680322 -0.643778
-0.579913 -0.733997
-0.536422 -0.640360
-0.582039 -0.714896
-0.524665 -0.679075
-0.504951 -0.723943
-0.511293 -0.702534
-0.736660 -0.772279
-0.566039 -0.501286
-0.591497 -0.515043
-0.730203 -0.609502
-0.603371 -0.714933
-0.758162 -0.593709
-0.658137 -0.552223
-0.582862 -0.690615
-0.569840 -0.616424
-0.604376 -0.688574
-0.592870 -0.580045
-0.718512 -0.524954
-0.692718 -0.706491
-0.785991 -0.797384
-0.504744 -0.529467
-0.749068 -0.518393
-0.640873 -0.741624
-0.686930 -0.758936
-0.751239 -0.514500
-0.673555 -0.563194
-0.723044 -0.616188
-0.697253 -0.662461
-0.558213 -0.731919
-0.717124 -0.779846
-0.781690 -0.600146
-0.574746 -0.738031
-0.585103 -0.690902
-0.755101 -0.539158
-0.500732 -0.633820
-0.763207 -0.661268
-0.749046 -0.502546
-0.761750 -0.675494
-0.549629 -0.632774
-0.566316 -0.563348
-0.761072 -0.792748
-0.690820 -0.769746
-0.759949 -0.522851
-0.697017 -0.643305
-0.752096 -0.645459
-0.729791 -0.725140
-0.792837 -0.552606
-0.762710 -0.721559
-0.581462 -0.646305
-0.672948 -0.791059
-0.779579 -0.797288
-0.544643 -0.646046
-0.791787 -0.679153
-0.546557 -0.697052
-0.555168 -0.793130
-0.623431 -0.747031
-0.798027 -0.763040
-0.533781 -0.770670
-0.521984 -0.754770
-0.606474 -0.792272
-0.703896 -0.621195
-0.588868 -0.548127
-0.691482 -0.625717
-0.551251 -0.751330
-0.633464 -0.593586
-0.608646 -0.754681
-0.536454 -0.621826
-0.626139 -0.564443
-0.621083 -0.712852
-0.511453 -0.548735
-0.555350 -0.756303
-0.581333 -0.676816
-0.588030 -0.796126
-0.600289 -0.545890
-0.786832 -0.614319
-0.779393 -0.660039
-0.612295 -0.763376
-0.660243 -0.539020
-0.700168 -0.614979
-0.789275 -0.621893
-0.579445 -0.787344
-0.655049 -0.660447
-0.700399 -0.776741
-0.606829 -0.773884
-0.623109 -0.788768
-0.618581 -0.703188
0.640154 0.767085
0.687789 0.670826
0.726229 0.655103
0.755752 0.660103
0.656670 0.741524
0.742547 0.700666
0.773766 0.730726
0.759932 0.656039
0.669053 0.766397
0.688492 0.662087
0.716894 0.679367
0.603220 0.607598
0.776293 0.791386
0.780243 0.728972
0.623237 0.797398
0.697883 0.704440
0.795899 0.778273
0.606594 0.786429
0.772169 0.765863
0.679013 0.602918
0.626018 0.724865
0.663018 0.747134
0.729614 0.745363
0.682768 0.682236
0.613887 0.627796
0.601512 0.629791
0.703639 0.687734
0.656731 0.784696
0.680529 0.770749
0.748943 0.631024
0.640442 0.606920
0.791119 0.694155
0.794989 0.762548
0.701147 0.665709
0.795483 0.757875
0.730692 0.674343
0.723057 0.732879
0.651505 0.784302
0.658207 0.631304
0.765500 0.753391
0.676838 0.737122
0.653042 0.609867
0.704022 0.738434
0.712019 0.625037
0.634797 0.639982
0.773326 0.601598
0.648139 0.601653
0.774435 0.672977
0.789080 0.663490
0.657898 0.624291
0.653135 0.756137
0.771954 0.728078
0.657721 0.629455
0.757872 0.600939
0.725412 0.706983
0.772107 0.688901
0.795822 0.666617
0.740224 0.635157
0.791085 0.608786
0.758979 0.690364
0.789231 0.700643
0.681715 0.620095
0.726282 0.605524
0.759208 0.692414
0.619370 0.752746
0.694188 0.616958
0.763313 0.780157
0.701548 0.660444
0.794819 0.612826
0.714767 0.618776
0.784910 0.783069
0.644925 0.653825
0.680905 0.638319
0.697211 0.666521
0.736398 0.717072
0.781427 0.767936
0.781469 0.752590
0.717348 0.622065
0.682102 0.601731
0.613652 0.766846
0.796593 0.729016
0.695730 0.656873
0.777795 0.713089
0.736030 0.742591
0.690659 0.653961
0.669289 0.644147
0.789139 0.718064
0.690427 0.682740
0.718634 0.728004
0.676773 0.607393
0.770121 0.733680
0.735016 0.736662
0.696034 0.681570
0.607454 0.764460
0.634403 0.625999
0.773146 0.755584
0.601797 0.656077
0.623706 0.725734
0.664168 0.651854
0.743411 0.719978
-1.681066 0.414661
-0.632795 -1.171298
1.043369 -1.540089
-1.074856 -0.475235
0.063264 1.960272
-0.500017 0.914572
-1.806982 1.574380
1.881663 1.706785
0.929120 1.263388
1.313441 0.646297
0.470986 -1.693370
-1.650902 1.590610
-1.845988 0.469264
-1.622522 1.808369
-0.965332 -0.489673
-1.861971 1.565304
1.864174 1.672397
-1.056638 1.874878
0.342583 1.588768
-1.673791 -0.593287
0.104061 1.393257
-0.857763 -0.741207
-0.183987 1.442723
-0.044462 -1.713645
1.130220 -1.228443
0.675618 0.500344
-1.742236 -1.160426
-1.498798 -1.514890
0.422127 -0.558260
1.148961 0.192366
1.191064 0.137369
1.640318 1.102795
0.851701 0.466521
-0.819157 1.173026
1.802513 1.932202
0.994706 -0.129832
-0.283278 0.636989
1.997220 -0.318036
-1.936448 1.769580
-0.729674 0.701167
0.271056 1.271395
0.665131 -1.291665
-0.195011 -0.807417
-1.683996 1.212885
-0.678236 1.448569
-0.422154 1.680302
1.080124 -1.096143
-1.881722 -1.980725
1.385528 -0.234222
0.536132 -0.987175
0.754286 1.117663
-0.031292 -0.235056
-1.223866 -0.248248
-1.963868 -0.360519
-0.749668 -1.573165
0.221872 1.774197
-1.424040 0.633538
1.804419 0.897884
1.321636 -0.113623
-1.515161 -1.150298
0.734042 -0.250030
-0.337227 1.196916
-1.385207 0.533529
1.435748 1.207554
-1.008372 1.002910
-1.275740 -1.336929
-0.380068 -1.291325
0.113170 0.186298
-0.697811 -0.047967
0.715722 -0.442850
1.940003 1.419575
-1.549344 0.419832
-1.670779 -0.332950
0.532511 1.048764
1.628536 -0.387104
-0.807043 1.324406
0.046962 -0.793553
-0.611740 0.677762
-0.213762 1.129313
1.289118 0.166819
0.630025 -0.275051
0.893395 -0.699908
0.320368 -1.043412
-0.899482 -0.204166
1.714415 1.965701
-1.426078 0.217114
1.633297 0.301909
1.460182 1.418584
-1.092750 -1.727195
-0.573420 0.103771
0.678237 -0.256848
-1.820400 0.946993
1.296317 -1.091976
-1.768330 1.922548
1.998234 -1.919849
-1.643810 -1.220859
-0.283191 -0.098018
-1.793689 -0.239988
0.609859 1.999536
1.543493 1.879690
0.454281 0.470317
0.006015 1.102090
-0.185729 -1.406408
1.758195 -1.334084
0.616889 -1.410668
-0.041706 -1.120700
-0.356465 -0.773829
-1.586884 -1.518411
0.429085 -1.958586
-1.338258 -1.979158
1.877303 -0.785734
-0.209440 0.174824
-1.334376 0.050413
-1.409250 -1.427980
0.672317 -1.051786
-1.087154 1.910540
-0.743320 0.227929
1.719967 1.378490
-1.450414 0.051067
-1.516812 -1.243423
-0.122728 0.040071
1.961131 1.160186
-0.739621 -0.944830
0.125524 1.581314
0.274333 0.974544
1.341995 0.387214
-1.365742 0.749142
-1.091180 0.230044
-0.464222 -1.327325
0.998946 1.883519
1.259347 -0.222502
1.375974 -1.844754
1.219806 -0.395790
-1.068541 -1.188058
1.243497 -1.248892
-0.235724 -1.567290
1.303592 1.675175
0.876444 -0.779238
-1.891889 1.327417
0.441372 1.788382
0.055821 -1.198496
0.901255 -1.599680
-0.468409 0.314213
-1.733741 -0.801189
1.672157 -0.915218
0.189726 0.920480
-0.022601 0.174443
-1.941857 0.625968
-1.423827 0.962128
-1.403923 0.914697
-1.443247 -0.395151
-1.978609 -1.506934
0.531789 -1.862255
-1.734559 -0.798734
-0.369529 0.947258
0.814608 1.988060
-1.185655 -0.292044
-0.885708 -1.190594
0.512237 -1.279559
0.046492 1.154764
0.886064 -0.135225
0.342358 -0.041738
-0.744756 1.963492
1.700997 -1.867746
-0.481986 -1.580500
1.211457 0.550716
0.331378 1.179548
-1.292445 -0.510914
-1.573267 1.250151
1.460609 -1.549105
0.014973 -1.231467
-0.412410 -0.485297
-1.972007 -1.226622
0.002782 1.615148
1.126841 -1.911729
0.320648 0.081915
-0.130683 1.951398
-0.486462 -1.935041
-0.284725 1.283455
-1.826092 0.968436
1.887994 1.798492
1.991615 1.381553
1.668137 -1.175057
-1.849622 -0.074936
1.771311 -0.067867
-1.811448 -1.778416
-1.263700 0.500143
-1.170763 0.974055
-0.845013 -0.976077
0.538139 -0.727721
-1.357220 0.544335
1.868082 -1.913766
-0.242478 -1.586061
-0.046171 0.018075
0.893531 -1.659848
1.730484 0.950822
-0.788127 -0.709574
-1.776472 0.195967
-1.961535 0.692534
0.052469 -1.028932
