-4.822490 -50.402170 4.020861
-44.460120 20.964670 -11.492060
50.001020 0.780748 9.134460
-41.699080 -22.310060 16.314120
4.425242 -4.666664 50.223740
27.260580 23.386040 35.067720
-19.988000 -6.638056 45.868180
47.570400 -1.571324 15.872100
41.876400 10.830210 24.644210
15.859350 14.686000 44.096090
-33.772520 -36.601150 3.766672
3.218305 -44.840790 22.529140
4.314060 -2.829593 -50.044020
22.733100 -33.764870 28.551480
5.453126 4.356794 48.954050
6.473627 49.406870 0.353939
-21.386910 44.327540 -9.408566
34.339260 -11.687910 34.827040
-2.538081 -40.351800 29.406450
14.167850 -35.622830 -32.615380
33.071190 -28.158230 -23.451080
-45.861140 2.049557 21.066770
-45.060560 16.248320 15.406480
11.355680 -8.953778 -49.020860
26.946420 -32.287380 25.706050
23.976260 43.498940 8.875034
-22.613220 1.120520 43.846000
-46.646050 13.003580 14.790790
-43.891600 -18.326610 19.002240
-7.459890 -12.628920 -48.426100
48.774610 -10.886410 -0.943604
-45.720600 -20.060000 -9.225777
-31.637340 -22.739550 31.273420
-42.954190 22.213460 11.998680
0.723898 -0.539086 50.496640
-36.674650 -11.732240 31.752960
-26.961820 -42.713780 -4.202611
-12.543980 -44.170730 17.121930
-3.791277 10.234800 47.895300
-2.104881 -2.757672 49.149030
15.939320 -40.472400 22.666770
20.827940 22.357190 38.696710
34.870160 27.497110 20.867060
7.022449 10.494320 -48.062780
16.933010 -46.362260 -10.056640
48.955670 -9.864451 0.375818
-10.479650 -23.894190 43.891760
-3.377526 -43.364060 -23.224640
-17.277960 39.438550 24.452120
-20.789390 44.219850 3.807860
19.708450 -23.332720 -40.173290
-18.063500 -12.483340 -45.340630
11.004640 28.331560 -39.069530
-12.042880 -35.059960 -33.670990
-5.762872 35.686340 34.410240
32.772450 -26.815820 -27.316090
4.349359 -15.738480 -46.581560
-37.431600 -13.331470 -29.362270
1.095149 -28.951450 41.194090
20.811520 -45.099240 6.718620
-16.636540 40.859040 23.289480
-49.464740 -9.365017 4.165513
-32.938330 37.470760 5.488567
-34.693990 -13.471610 -33.682930
-1.700924 3.878389 -50.189070
9.342566 -48.165710 5.786603
-0.762177 0.242945 50.540680
-22.538970 -1.074838 -45.075670
-43.225740 -19.925540 -14.807580
0.146423 -2.590253 -49.447400
35.094620 35.270680 3.152403
-13.351710 -41.214410 25.291780
5.156830 16.483800 -46.407070
17.571250 -27.347330 37.692880
40.258380 21.128240 -22.437100
39.779120 -27.236880 -13.813760
-10.206410 12.490380 47.363940
-28.977660 -9.167267 -40.125330
5.347855 9.703275 48.818200
-29.348430 -29.733580 -27.207950
7.751599 -1.210410 48.484970
-20.174390 34.007050 -29.978050
-1.591191 -9.643010 -48.897310
-47.990010 -3.734926 -13.510710
-31.081150 22.260710 -31.886270
-24.650250 -38.614150 20.057590
2.615159 23.414650 44.525700
29.872160 -38.887800 3.377874
-22.576020 -14.566960 -41.737510
7.257201 14.536410 47.572590
28.670040 41.822450 4.503478
-44.332570 -11.931410 21.898960
12.608600 14.710340 45.886780
34.840050 33.959540 -10.870160
0.693085 47.707520 15.273110
-40.550720 10.078200 -27.857720
36.468110 25.919960 -22.749930
46.048840 -18.700150 -9.746982
-11.255600 14.992030 46.566610
-26.347620 28.012870 31.837150
27.708900 -31.652240 27.687070
4.957815 2.793576 49.316420
12.024780 -30.420380 -37.495030
-33.903400 33.373370 13.623830
-0.691307 50.598880 -3.136346
-21.285460 31.157720 32.297160
5.779592 -4.921898 49.714890
47.653020 2.013214 17.814350
-11.250330 -32.350770 36.864480
-26.761250 38.641960 -17.249290
48.961920 -13.585280 -0.652258
-41.063920 -8.996117 25.710000
-26.520020 -41.995980 -8.558903
-38.857710 31.285690 9.822041
-2.515191 -46.944460 -15.179550
6.503940 -8.794935 -48.281830
14.962890 -9.978585 46.975170
-2.025608 0.049641 50.529800
40.885660 16.218420 -24.762190
-14.309800 16.656920 45.467140
-3.276650 50.212800 6.635320
-27.984390 12.865040 -39.899670
-44.520400 20.090920 -11.798870
-30.499690 16.166910 -35.795380
-13.129770 44.156110 -17.234300
15.694040 46.581190 -10.784990
4.421565 -0.455551 49.464950
28.231700 -31.738400 24.188170
-22.905430 -40.522520 18.151220
10.999090 33.173030 36.236880
47.353650 -16.805340 2.047461
-33.609020 -31.437920 20.796080
1.020812 -2.477213 50.585700
-25.796350 6.522167 43.051380
-2.533395 4.720672 -49.261610
38.905620 11.801280 30.414670
-8.893620 -44.054940 20.704220
-36.852250 -10.284420 -31.863470
-44.432410 0.708310 22.802960
-17.253940 22.097000 41.541610
-6.064972 -16.466010 -46.847980
47.508920 -11.846420 7.375438
19.135170 40.673040 -23.057830
-17.022710 11.348640 -45.259620
44.376080 -18.808990 -15.025660
-2.487963 0.962286 -50.341790
21.999800 -43.850010 5.786808
12.122340 -28.153030 39.304940
-31.380820 27.305210 -29.555180
-14.696190 -45.586350 -14.898700
-1.570841 -1.131274 -50.396230
23.839220 16.036830 40.237380
10.234270 -1.183003 -48.352140
17.729950 -39.483500 -25.100240
-23.280700 -29.606200 -31.719010
-22.856350 -43.168580 9.428436
19.386180 40.133380 -24.039700
8.098991 -8.908210 -49.006870
32.809080 -34.052600 15.720660
-6.456641 1.122958 -50.146070
10.612150 9.583215 -48.096970
28.894820 35.199840 20.017940
6.838639 2.594893 48.914670
16.243630 13.013610 -44.439230
33.335040 8.206512 -35.218090
15.095520 41.481580 24.881610
16.698180 -44.238490 17.477950
-0.355935 -1.865036 50.108130
-38.989610 -9.487279 -28.064640
-43.200090 -24.290320 -1.564957
-30.521870 20.424870 33.025060
23.482710 -34.726350 28.379880
12.528840 28.369190 -40.080850
7.496297 27.390540 -41.323720
-11.357210 -32.356190 -37.369990
-8.301093 8.048720 47.995220
-32.831140 -34.616440 15.948030
34.099210 -30.942270 -18.884600
21.620790 -5.983094 44.657170
3.491038 -5.590563 -49.572930
-39.166340 -30.024530 -9.613930
-48.476840 -0.944374 -8.961936
18.248310 -31.178830 -33.838260
20.808120 -27.437950 35.958260
-48.671360 -10.729000 3.423902
6.568269 44.866720 21.621130
-6.752613 4.428355 49.647360
-44.879370 10.245720 18.685480
-35.094650 -16.772240 32.600570
-24.771180 -42.138460 -12.200590
29.182150 35.279710 20.013700
0.974538 -1.076707 49.329180
-41.655400 -16.531090 22.053140
24.751640 43.646130 3.542096
-46.883570 17.485830 -2.534842
13.395360 10.856550 46.042300
11.168150 -2.346825 -48.958420
20.268820 -33.538180 30.654900
23.550020 -3.955634 -44.272670
-19.296570 -46.719720 -7.685870
35.461570 -22.907180 -25.879660
-46.481110 13.372050 -14.281290
-28.497790 22.641550 34.177360
24.694140 -38.037170 -22.434110
-24.706090 -16.400130 -41.742780
20.021430 -4.044525 -44.815120
-2.168572 48.942270 6.657756
-31.922660 5.884280 -37.103680
15.040820 -30.535690 -35.328280
-5.382507 2.117309 49.831570
19.268040 -45.468310 -3.429013
30.956990 34.956640 -16.284080
-16.554150 -17.940300 43.404040
-17.597240 4.095142 45.984480
36.351110 -34.583340 -0.957070
40.040400 -22.592470 -21.291910
-9.102509 -2.622652 -48.893230
-26.143750 31.427850 -27.509990
-21.738200 33.068340 31.379600
31.987380 -36.173710 11.843470
18.592850 -43.362890 -15.833220
-3.811619 5.949773 49.233860
49.763610 0.043363 3.636998
26.837670 -6.235159 -42.089130
-3.206753 -40.775140 28.556270
-44.500870 1.440294 -22.846060
15.593610 -24.104090 -41.790110
-25.907820 9.968161 -41.972550
9.414464 -47.316750 -8.793803
-44.877650 -15.925840 12.696840
14.202060 -44.842810 17.315980
-22.175260 42.266280 14.514800
-19.882100 -32.877430 32.409310
-7.091579 37.441450 32.202220
2.364600 7.391677 48.669390
38.443420 22.123340 25.316030
2.365793 0.812966 -50.192400
29.318000 -29.171770 -28.003110
41.602210 3.430297 27.880260
14.270090 7.708516 -47.861030
17.784740 46.875650 1.343949
-30.607820 19.169170 -34.757420
-35.136510 -34.400760 12.500670
38.151760 1.304700 -30.477950
39.682170 20.879020 22.402660
33.490550 -13.763360 -34.235620
-46.070510 14.357480 11.639060
20.139490 -13.852470 -44.295130
-14.166640 37.641000 29.964530
5.311071 1.981352 49.429980
-27.914780 3.326468 40.031620
-48.794790 -7.853357 7.005214
6.928665 38.102390 -33.109260
-33.923570 -24.508210 -27.339450
-46.469280 -20.226530 -1.500040
-25.741150 33.768200 -26.113770
-11.625650 -21.116120 44.558230
46.170460 12.957380 13.590580
-27.068980 39.636570 -16.867600
8.794248 3.027069 49.474410
-4.247651 8.789343 -49.056700
-0.866698 -28.317050 -41.553590
-10.678490 12.457000 -46.945520
41.502060 -28.702700 -4.970166
-6.271647 -25.365910 -43.414530
25.292070 -28.032530 -32.763680
-21.241440 -30.160060 -34.226640
10.363660 -9.062661 48.698940
36.282880 35.080280 -4.018332
-28.147740 -33.010250 27.132860
-6.204708 -4.217845 49.814950
-5.061931 -45.692320 -18.428930
16.276800 -21.031390 41.713220
2.083891 5.838801 50.161670
18.292730 -43.562300 17.236760
4.772465 -6.594583 -48.752180
3.675565 -32.592560 -38.736410
-27.684780 34.715550 -24.408250
-23.710200 8.074168 42.355860
-28.658410 -15.433240 -37.155770
-14.103380 -5.827681 -48.746290
-1.673709 12.117320 -47.825710
10.228300 43.290450 -21.348400
-3.916615 -1.481448 -50.592120
-3.659340 -50.461010 1.383157
-15.414310 -14.209520 45.309730
23.127360 14.880190 42.097110
22.197250 28.395190 34.925510
-43.629210 -8.788146 20.916790
-6.123117 -10.983470 47.536680
15.078260 45.037380 -16.536730
-35.322990 -19.631470 30.213940
-28.187220 36.921290 -17.217050
-11.913920 -17.662270 -45.267360
-26.403490 41.550710 8.600806
30.851290 -3.649354 38.539560
-38.556050 -3.145174 30.592070
1.118891 -26.318320 -41.696310
-32.915170 -21.918880 -32.063230
0.799721 -1.614539 49.206480
2.548724 5.762376 50.248140
-17.668300 -11.115930 -46.238300
23.214390 4.272787 -44.929960
43.248060 18.239980 -17.748410
-18.891710 4.005896 -45.731830
6.317842 -5.627168 -50.048820
-2.028990 12.376800 -47.263680
4.811247 -2.576305 49.329970
-22.830970 -5.172263 -44.960450
-10.961870 44.445500 20.049650
-40.775510 -3.840934 28.096620
-2.422117 -0.420524 -49.946910
-4.763024 -24.283220 43.344230
-1.692692 -22.400350 44.052130
-40.133880 -23.889430 14.249610
-42.201750 -14.222690 21.993110
-49.024590 -3.948233 4.017968
12.238060 -9.352941 46.671560
29.347270 -2.915915 -41.250440
10.495660 -40.207410 28.207180
-1.676561 -1.926316 -50.433140
-44.479060 19.083950 16.200090
42.653190 23.040410 15.270740
-15.964020 38.351680 -27.470540
-43.916150 25.513230 -5.422202
13.504860 -26.767540 -39.620780
-16.509810 -34.143650 33.086030
30.233900 28.537810 28.496410
7.178304 -15.878300 47.627330
-14.437920 -38.435110 29.942530
-27.240600 -20.583860 37.235620
-37.565180 24.638040 -20.953460
-1.183901 12.504980 49.266220
46.789600 -5.428576 13.046130
-13.216900 -3.617789 49.092140
14.313000 45.249360 -19.423350
-12.537250 -6.122769 -48.201830
14.414200 5.507587 -48.085410
24.723220 -36.966590 -23.564030
11.932490 10.636970 47.171580
43.475210 3.129027 24.456350
-28.555070 -38.599940 -17.704920
-17.616200 39.166000 -27.341320
-14.666310 47.502690 7.730248
0.734930 22.860230 45.284970
5.590621 -3.165642 -49.047240
1.801536 -10.814820 -49.277500
39.107880 -31.225240 -9.286197
16.439550 -38.300580 28.886260
37.261420 24.408140 -21.324430
-26.562570 -9.801281 41.742820
-4.503966 -1.384816 -49.218380
-27.852500 -17.267280 -37.134440
-4.881838 -0.802114 50.041240
-44.209920 12.751190 19.740270
-36.519860 18.767690 28.562820
-29.109230 28.744270 29.499070
0.770368 13.379540 -47.966140
10.066150 5.934258 49.296390
-20.505000 -29.277660 34.810640
4.140492 7.276366 -49.539390
-11.086490 10.982550 -48.640850
14.275640 30.853410 37.318590
9.463121 38.411690 30.693830
-21.241220 -41.147470 -18.887020
48.542520 8.970720 2.144794
-25.955550 7.511405 40.591910
-5.926018 -8.151059 48.518800
43.226950 17.748090 -19.636190
22.501380 -32.433300 -31.446450
-1.676615 -19.416680 45.215500
-11.843790 -3.100888 -48.734400
10.123140 -35.978610 33.172120
-5.881820 -2.488278 49.388000
4.442041 13.960500 -48.281900
-47.061480 -12.127100 14.468220
6.110267 48.822020 -2.239585
40.885960 21.049530 20.696930
14.901460 47.772870 7.962387
48.049720 17.275420 -1.823311
-22.029230 -44.699810 -5.498068
-38.881690 -27.001490 15.163090
-37.486590 33.501150 -7.571599
-14.296290 -14.510950 -46.204470
43.329070 13.109790 -20.561490
-32.875980 -11.180510 36.636140
45.576230 10.697270 -16.310740
-27.994360 12.556250 40.243530
15.241130 14.006500 46.052100
43.909170 1.319353 22.993160
40.116790 -26.442390 -14.695140
35.239840 2.785888 -35.648610
9.095878 -43.902660 -23.680470
23.855570 -14.640620 -41.785170
16.404140 -37.682880 27.688750
25.975670 31.851280 27.671970
3.486008 35.420020 -36.700130
15.333790 46.176120 14.362940
-10.780110 -7.045256 49.252920
8.018622 -1.023863 -49.548820
0.685751 0.882203 -0.885410
0.211911 2.566241 4.355553
2.439457 2.259743 3.084992
5.971988 1.003704 2.859852
-2.646234 -2.439604 4.711721
-1.080572 1.800438 -3.650148
-0.146555 1.119260 0.670158
1.994454 1.209060 1.886642
-3.052135 5.578630 3.890948
1.801007 0.044441 1.405029
2.314274 -1.492039 0.402720
-0.595339 -1.798263 3.080695
2.154614 -3.375758 1.969941
3.472002 -6.171456 4.908502
7.372167 -1.635844 -1.170528
3.706295 -2.422915 2.789299
-3.938390 0.243205 2.127694
-4.051334 -0.993870 -0.439474
-0.853109 1.039651 2.009814
-2.838916 -4.764276 -0.634337
0.474957 -1.280334 2.969757
-1.474658 3.568800 -1.376201
1.969728 3.915431 0.757445
-0.939271 0.814022 -4.359775
7.361267 -1.438232 0.496833
2.010779 -1.535420 -0.662307
0.219635 7.214851 0.487450
0.365642 5.426153 -1.886600
-2.273953 -0.409903 -4.951911
-2.389804 -4.922831 1.633307
5.022775 -1.923718 -2.293836
6.548579 5.189726 2.173688
-1.363253 1.107519 -1.807876
-4.743645 0.628597 -4.060351
-1.009205 0.844748 -4.389114
1.646090 2.341043 5.935584
-1.919980 -0.965660 -2.265899
3.395606 0.334146 -3.703464
-3.118424 -0.811703 -2.579345
2.699059 1.217836 3.775685
2.336222 4.177088 2.855681
-1.838001 -2.447912 3.127455
2.208435 -2.749863 -0.466263
-2.247011 -1.219582 1.979178
-3.249057 1.615225 -1.808627
3.699544 -2.479789 -1.165336
-2.781420 2.796381 -0.600549
1.187184 2.394058 -0.365976
2.643978 -1.123777 5.552750
3.735515 -5.618837 1.988665
-3.583686 -0.252152 -3.036507
2.129532 -4.943742 3.978860
-2.315981 -0.703320 -1.306295
-0.268653 1.509548 1.798599
-0.106847 -2.140609 0.652667
2.333638 2.643679 2.122810
2.219055 1.809333 -5.719382
0.720121 -1.480367 3.346304
1.640710 4.981280 -0.355510
-3.731598 -0.280002 -3.759777
1.011045 0.916068 -1.268644
-1.954354 1.419827 -2.185898
0.204609 3.442643 4.993592
-8.378955 -2.165526 -4.408032
-0.797395 -2.390583 -4.636713
5.478362 0.176641 -3.420528
0.556560 2.612871 0.498684
-0.834868 -2.317563 -0.947733
0.232013 1.858847 -1.703241
-1.565779 2.008856 -2.741294
1.089850 1.484981 -2.123360
0.937664 -1.428467 5.058846
5.681549 3.124042 6.992235
-1.441338 -0.176746 -1.848403
1.792972 5.297980 0.820409
-1.916410 -2.142672 0.284598
0.503980 -3.089233 -0.501618
-0.461339 2.884551 3.511664
-1.269224 -8.448683 -7.718695
-0.817804 -0.248778 -1.335382
-4.664956 -5.306959 1.427103
0.984551 2.496533 1.895965
-2.999286 -3.242489 -1.251400
2.959275 0.971529 2.344441
-4.944213 -0.966019 -0.998904
-1.252367 -3.982138 0.858499
-0.771322 -2.160952 0.187240
3.049083 3.757360 5.195643
-8.909048 5.340831 -4.324626
-2.245051 2.967620 4.807449
2.437466 -5.246342 4.554155
3.570202 -1.469213 0.539694
-5.331455 8.447442 1.338667
-0.475081 -3.713950 4.108761
1.883331 -3.156272 -0.276337
-2.739164 -2.167840 4.028964
-2.519814 2.893383 -0.449191
-1.098556 0.850079 3.755042
-0.381472 -1.471878 0.148424
-1.508800 -1.957367 5.239964
0.295384 -2.565544 -0.906515
-1.455601 -6.507712 4.234516
2.965810 3.029429 -0.821027
0.894106 0.504795 5.316243
-3.648411 1.566411 -2.752217
3.746515 -0.242788 1.873371
-2.732619 -0.668226 1.204702
-0.297940 -1.464379 2.052028
5.084834 -2.734686 -2.044500
3.668543 -4.129444 4.510403
-5.234294 3.376536 -0.628752
3.107282 3.157263 6.564192
1.263883 -2.273074 -4.730780
2.006730 -2.901646 0.638932
1.564927 -4.635948 1.472271
-3.443766 2.671811 1.964837
-2.077176 -0.206034 -2.148921
-0.197819 -5.254840 0.640739
1.598787 -1.150763 -3.813669
0.493731 4.184748 4.076734
3.559815 2.683231 2.792635
-0.607006 -5.267430 0.588055
-3.069798 2.921481 -0.505747
2.220496 -2.960297 0.826857
-5.838797 -1.188735 2.010014
-0.676725 6.614396 1.235549
-0.396154 3.213444 0.272547
-1.108500 0.656344 6.065778
-4.336126 -3.231944 2.012579
1.178765 -1.872880 5.814973
-1.941379 3.331130 -4.327779
0.008128 -2.517313 1.125482
-2.782534 1.211172 -2.595866
-4.770282 4.453332 0.074581
-0.133657 0.620219 -0.326820
-1.622752 -2.685083 -5.697222
-0.392694 4.582314 -4.972728
2.893812 -2.772849 -5.581110
3.761822 0.837537 -4.955896
-2.369809 -2.616509 -7.701871
-5.248944 -3.318315 -3.850369
-2.023955 0.793294 -1.456168
3.669015 -0.590328 4.991294
0.214293 1.114604 -0.311110
-1.982968 -5.702450 -1.894990
-1.088960 3.611339 5.930660
5.491744 1.489262 1.996050
1.164466 -2.593486 -0.172351
-1.889780 -1.130378 -0.806484
2.958213 0.493289 0.078465
-0.952774 0.531872 2.529607
-2.405642 -3.759512 0.474251
0.709734 0.376005 -4.582812
1.251169 -0.164953 -0.666850
2.691934 -0.903480 -0.283024
4.414724 -0.732844 1.092509
-7.025569 2.261951 -2.417861
1.927051 -2.068123 1.137463
-1.533714 -0.931461 -0.576931
2.379856 2.533360 0.472271
1.107530 -6.067991 -0.768839
5.523097 1.682912 6.283408
1.362398 0.511390 -3.999202
-3.165903 0.434752 2.514120
6.387508 -5.439273 2.975141
-1.615400 -4.144359 1.790375
0.298288 3.111602 2.430254
-3.233665 3.619110 1.689588
-0.722148 0.700058 0.418710
-3.182310 -2.673871 2.962733
0.488049 -3.862340 -4.926924
0.885876 -1.358370 -0.232084
4.419872 4.162047 4.270280
0.942746 3.325500 0.798086
1.900041 2.055249 -1.364739
0.452379 -1.555019 -3.398596
2.935812 -3.739588 -2.435971
-4.997471 1.609360 0.534355
1.782730 -0.230577 -4.504730
2.675553 -0.420568 3.787978
0.752103 3.926920 -2.773507
-2.070227 0.919403 1.280686
1.024250 -1.369198 4.671225
-6.092107 2.777138 -2.133764
3.000736 -3.304323 0.779664
0.583826 1.684130 -2.425544
5.679120 -0.100536 -0.178448
-1.041584 -2.543006 3.109204
0.432352 -0.900261 3.187455
2.434593 -1.362968 2.652755
1.559262 2.826316 -2.997320
7.163709 1.958183 4.835092
-0.101938 3.176420 2.543033
-2.628153 -0.253563 4.995124
-0.390638 -0.402113 2.899176
3.883383 2.395423 -0.128423
-0.107222 -2.042610 -0.056594
-0.119254 0.941771 1.702334
3.157758 6.460398 1.723977
-1.069912 -4.775348 -0.530908
0.926832 -1.526029 2.561712
-5.233704 1.543572 1.690739
1.346109 -0.667613 1.038503
-0.478668 0.993564 5.359561
-5.964510 1.183260 1.039251
3.520877 2.827412 1.394628
-0.307358 -1.381675 0.863812
6.663724 -4.448422 -0.412896
2.440755 0.917085 -3.450819
-0.424900 -3.142687 1.902546
3.574140 1.412587 -2.627693
2.338076 0.426743 0.620429
3.992547 2.486950 -5.598168
-2.135379 5.741222 -1.835949
0.456153 -3.983706 -1.965915
-0.044661 5.381961 -3.093469
-1.072438 -0.405322 0.480652
-1.243867 0.226004 -2.649767
-6.971900 4.324254 3.454194
-1.045548 -0.789710 0.896996
-4.256829 -2.068193 -9.482627
2.331976 0.467323 6.728412
-7.846590 -3.365855 4.087282
7.247825 -5.909715 0.198546
-2.862248 -1.491997 -5.196373
-4.388342 -0.799324 -2.754379
-1.772414 0.694671 2.124064
0.528553 -2.032989 1.222820
-5.245003 0.789283 1.581749
4.011352 -1.813788 -4.592192
4.892448 1.673377 4.018903
-3.268758 1.771743 -2.803739
-1.123781 -1.262322 -3.809484
-2.486274 0.724692 -1.663949
1.940859 1.538409 -0.485760
-3.653413 -1.548443 4.179189
-6.041536 1.602620 1.428917
5.747879 1.361524 -1.805949
-0.058695 0.779082 -0.771006
2.588932 -6.165571 -0.877403
-1.372604 7.193940 1.915906
5.653621 3.988551 0.851371
-2.839539 5.249275 0.210314
-0.203945 2.354881 -4.474215
0.802511 -0.401043 -2.571119
-1.976681 3.093200 1.741864
-0.168075 3.427764 1.397416
5.311834 -2.229388 3.549359
2.651291 1.682682 -0.081122
6.933685 -1.508769 -2.521124
3.978823 2.386428 -1.487218
2.377309 2.137458 1.055532
-0.212816 2.122509 -0.058939
1.875357 2.307338 -5.183204
-1.002940 1.979053 1.874058
2.502218 -0.399208 1.815174
4.493396 1.024049 -0.967301
0.115232 -0.865133 5.024885
0.980268 1.890776 1.681311
1.080192 -0.688242 1.869857
2.075016 -0.843598 5.010691
1.100940 1.799926 -0.368942
3.789117 -4.632595 -2.691217
5.257907 9.103975 4.565313
0.188232 -3.904892 -1.993112
1.943879 2.012915 -0.244278
2.075994 -0.625714 -0.046909
5.309885 -1.799667 1.161030
1.448928 -7.414156 -3.728217
1.283893 -1.236630 4.567132
2.076752 -1.890981 2.146421
-2.522585 -0.611143 2.253856
7.864556 1.761767 -1.679441
-2.842330 -4.885815 0.503043
3.009396 -1.065114 2.164222
-3.273504 -4.665200 -1.130332
-0.480781 1.587906 -4.548273
-2.226771 -2.733694 2.805205
-0.003119 -3.959160 -1.407079
-3.284969 1.824634 2.734507
3.733898 4.388027 1.083598
-0.834744 -2.187290 1.229859
3.033981 -1.222419 3.969822
1.155672 3.858163 2.604950
3.358897 -1.027027 -0.634361
-3.886890 -5.189490 -1.789037
0.788328 5.584366 0.657888
0.808499 0.884294 -0.687701
-3.239599 0.071575 -2.635429
-4.040467 -4.133659 -0.471887
-4.406660 1.116417 1.309244
2.177722 -2.906242 -0.538285
-0.542304 2.754569 -2.565610
-4.680035 6.311411 -0.981753
0.339722 -4.130182 -1.015880
-2.569937 1.606615 0.493064
-0.008598 2.775126 3.716914
-0.403286 -0.286525 0.962496
-0.733830 4.092920 1.401296
-4.953256 1.546696 2.078953
-1.460271 1.317705 -2.201737
5.009099 -3.105473 -2.461173
-0.386050 6.676989 2.408224
0.328537 3.946375 1.836990
2.975795 0.242290 3.540576
-2.281982 5.795712 -1.732154
-0.755015 -0.825374 -5.012500
6.163693 4.126769 -1.222802
-3.508145 -5.291994 -1.610150
-0.511032 0.557628 -3.284502
1.432413 -2.198103 -5.593888
-0.425055 -0.616463 1.152038
-7.859106 -0.717084 -1.403426
0.577118 1.855940 -0.403460
0.397806 -1.407337 1.799775
5.946682 -2.297922 0.204937
-0.059283 -5.609141 -0.482850
-1.098158 -6.583595 -2.115050
-2.428037 1.155442 0.835692
-1.454578 -1.356917 2.029918
4.839734 0.849622 -1.849934
-2.983916 -0.677518 -3.542804
2.804998 -1.118266 0.496322
-0.802764 4.263139 -0.989730
-2.986948 3.252586 -3.716943
1.530625 -0.858127 -2.522413
0.487775 0.498832 -1.773278
1.953490 -1.735890 2.884817
0.881289 -1.219495 5.764981
0.093170 2.604835 -7.022606
-3.539404 2.428516 -1.240128
-3.932523 -4.912853 -4.865093
-2.675714 -2.196411 7.585623
0.904173 5.937512 1.120111
-2.838529 4.076371 1.092288
-4.201611 0.068962 -0.263937
0.371503 1.343751 -2.014508
-3.719853 -5.478990 1.188598
2.313993 1.973408 -1.766602
-1.626680 1.381789 3.044933
4.701603 3.080433 1.062939
-1.809786 0.596580 -3.307109
-1.489649 0.333452 2.058074
2.674433 -2.163165 4.663328
0.417726 -3.090928 2.503891
-0.634336 -2.428258 4.153797
1.670784 -5.532695 -0.843002
-1.489334 0.511713 -4.239290
2.002893 -4.335721 9.294327
0.449341 -1.711912 -1.666487
4.622113 -1.718422 -0.674569
0.485315 -5.637339 -0.436157
3.700039 -3.555049 -4.383864
0.104272 -0.178374 1.789032
-3.441811 0.230894 -2.150525
1.491339 -0.837626 1.271982
-3.234402 -1.808231 -3.649340
2.080019 0.004775 0.914066
-5.494790 3.534910 1.142129
4.079701 5.265863 -2.058414
0.275803 -0.193717 1.107633
3.040441 -2.243949 1.626437
-0.144522 0.652730 1.191218
3.293521 3.345644 -0.803723
-3.870644 -1.555483 -0.278529
1.729528 -3.898264 1.746642
0.864105 -2.456077 3.835896
-0.996344 3.907127 4.428097
-3.009908 0.080730 -4.535220
4.185205 -0.930303 0.671895
3.853745 -3.348238 -4.482354
0.020100 -2.239406 4.830845
0.522799 1.280249 -3.793303
2.095707 -0.735750 3.758432
-4.656394 -0.693925 -3.362514
2.418150 -3.682886 0.688208
5.001428 4.521816 -3.551030
2.477508 -1.238600 -1.288460
4.748669 -2.637736 -0.921392
-0.967434 0.070325 -1.988711
-0.880989 2.270787 2.039961
-5.681612 4.389901 5.012738
-2.243695 0.209612 -3.017766
-3.906831 -4.972195 -0.032446
3.321621 -0.597344 0.479270
0.859224 3.654618 -1.711773
-4.422729 -1.650484 -0.338493
3.255994 -1.733413 2.384684
0.368317 -0.621024 2.452386
1.728795 0.422616 0.072551
7.144110 3.708753 -2.432959
-0.297787 0.619521 -0.554863
-3.203857 -2.275129 -0.694515
-1.565805 0.520958 -0.088202
-0.878736 3.693478 1.758421
-1.531027 0.681636 0.543271
0.500754 -1.848209 0.605654
1.089574 -0.246493 -3.355758
-1.907717 4.964502 2.098423
3.415463 4.529521 -1.617736
