 10.0000   10.0000
 10.1000   10.1000
 10.2000   10.2000
 10.3000   10.3000
 10.4000   10.4000
 10.5000   10.5000
 10.6000   10.6000
 10.7000   10.7000
 10.8000   10.8000
 10.9000   10.9000
 11.0000   11.0000
 11.1000   11.1000
 11.2000   11.2000
 11.3000   11.3000
 11.4000   11.4000
 11.5000   11.5000
 11.6000   11.6000
 11.7000   11.7000
 11.8000   11.8000
 11.9000   11.9000
 12.0000   12.0000
 1.0000    1.0000
 1.1000    1.1000
 1.2000    1.2000
 1.3000    1.3000
 1.4000    1.4000
 1.5000    1.5000
 1.6000    1.6000
 1.7000    1.7000
 1.8000    1.8000
 1.9000    1.9000
 2.0000    2.0000
 2.1000    2.1000
 2.2000    2.2000
 2.3000    2.3000
 2.4000    2.4000
 2.5000    2.5000
 2.6000    2.6000
 2.7000    2.7000
 2.8000    2.8000
 2.9000    2.9000
 3.0000    3.0000