0.150000 0.000000
0.150000 0.250000
0.150000 0.500000
0.150000 0.750000
0.150000 1.000000
0.150000 1.250000
0.150000 1.500000
0.150000 1.750000
0.150000 2.000000
0.150000 2.250000
0.150000 2.500000
0.150000 2.750000
0.150000 3.000000
-0.150000 3.000000
-0.150000 2.750000
-0.150000 2.500000
-0.150000 2.250000
-0.150000 2.000000
-0.150000 1.750000
-0.150000 1.500000
-0.150000 1.250000
-0.150000 1.000000
-0.150000 0.750000
-0.150000 0.500000
-0.150000 0.250000
-0.150000 0.000000
0.159029 0.414803
-0.159029 2.585197
0.161556 0.816311
-0.161556 2.183689
0.162766 1.628365
-0.162766 1.371635
0.163864 0.778645
-0.163864 2.221355
0.174344 0.531250
-0.174344 2.468750
0.178186 1.774766
-0.178186 1.225234
0.182155 1.170735
-0.182155 1.829265
0.185160 0.426752
-0.185160 2.573248
0.188280 1.410506
-0.188280 1.589494
0.188569 1.376922
-0.188569 1.623078
0.196632 1.707700
-0.196632 1.292300
0.207533 1.206062
-0.207533 1.793938
0.207623 1.103336
-0.207623 1.896664
0.211489 0.941725
-0.211489 2.058275
0.211893 2.819647
-0.211893 0.180353
0.212571 0.289675
-0.212571 2.710325
0.212891 1.398912
-0.212891 1.601088
0.214742 2.239866
-0.214742 0.760134
0.219117 0.142302
-0.219117 2.857698
0.220019 0.143314
-0.220019 2.856686
0.222505 0.403198
-0.222505 2.596802
0.224297 0.477033
-0.224297 2.522967
0.230009 1.972408
-0.230009 1.027592
0.230090 0.113075
-0.230090 2.886925
0.230656 1.760406
-0.230656 1.239594
0.234537 1.358276
-0.234537 1.641724
0.238213 0.511685
-0.238213 2.488315
0.241857 0.993372
-0.241857 2.006628
0.246032 2.472903
-0.246032 0.527097
0.246584 1.129498
-0.246584 1.870502
0.249153 2.619870
-0.249153 0.380130
0.249416 0.329157
-0.249416 2.670843
0.256699 0.709393
-0.256699 2.290607
0.257135 2.745335
-0.257135 0.254665
0.257692 0.519177
-0.257692 2.480823
0.259837 0.405843
-0.259837 2.594157
0.261832 1.324411
-0.261832 1.675589
0.263465 1.329586
-0.263465 1.670414
0.264815 0.502586
-0.264815 2.497414
0.266056 1.526218
-0.266056 1.473782
0.269342 1.218527
-0.269342 1.781473
0.269610 1.901248
-0.269610 1.098752
0.269974 2.191088
-0.269974 0.808912
0.271743 0.161686
-0.271743 2.838314
0.272847 2.388412
-0.272847 0.611588
0.275836 0.597513
-0.275836 2.402487
0.277867 1.449906
-0.277867 1.550094
0.280357 0.463002
-0.280357 2.536998
0.283471 2.363583
-0.283471 0.636417
0.284230 1.212199
-0.284230 1.787801
0.289514 0.083537
-0.289514 2.916463
0.293201 1.312039
-0.293201 1.687961
0.297083 0.407572
-0.297083 2.592428
0.298345 0.068024
-0.298345 2.931976
0.301637 0.375197
-0.301637 2.624803
0.305449 1.232012
-0.305449 1.767988
0.307471 0.635418
-0.307471 2.364582
0.307828 1.768243
-0.307828 1.231757
0.309603 1.735787
-0.309603 1.264213
0.311146 1.635374
-0.311146 1.364626
0.312387 0.831794
-0.312387 2.168206
0.314158 1.156146
-0.314158 1.843854
0.318238 1.477028
-0.318238 1.522972
0.321632 1.264257
-0.321632 1.735743
0.321898 1.063381
-0.321898 1.936619
0.326425 1.701107
-0.326425 1.298893
0.329170 1.036581
-0.329170 1.963419
0.331143 0.120606
-0.331143 2.879394
0.337170 0.768169
-0.337170 2.231831
0.337660 1.012583
-0.337660 1.987417
0.337961 0.550480
-0.337961 2.449520
0.341408 0.447149
-0.341408 2.552851
0.342526 0.333798
-0.342526 2.666202
0.359586 0.031890
-0.359586 2.968110
0.371173 0.047174
-0.371173 2.952826
0.372151 2.007321
-0.372151 0.992679
0.373406 0.971654
-0.373406 2.028346
0.377844 0.483012
-0.377844 2.516988
0.378323 1.270008
-0.378323 1.729992
0.380712 0.769727
-0.380712 2.230273
0.380715 1.778783
-0.380715 1.221217
0.381216 1.108173
-0.381216 1.891827
0.381365 0.800170
-0.381365 2.199830
0.387700 1.151977
-0.387700 1.848023
0.391073 1.922518
-0.391073 1.077482
0.394512 0.004325
-0.394512 2.995675
0.395699 1.660598
-0.395699 1.339402
0.399212 0.685928
-0.399212 2.314072
0.400000 0.000000
0.400000 0.250000
0.400000 0.500000
0.400000 0.750000
0.400000 1.000000
0.400000 1.250000
0.400000 1.500000
0.400000 1.750000
0.400000 2.000000
0.400000 2.250000
0.400000 2.500000
0.400000 2.750000
0.400000 3.000000
-0.400000 3.000000
-0.400000 2.750000
-0.400000 2.500000
-0.400000 2.250000
-0.400000 2.000000
-0.400000 1.750000
-0.400000 1.500000
-0.400000 1.250000
-0.400000 1.000000
-0.400000 0.750000
-0.400000 0.500000
-0.400000 0.250000
-0.400000 0.000000
0.404709 0.513783
-0.404709 2.486217
0.407280 1.523793
-0.407280 1.476207
0.409995 0.251092
-0.409995 2.748908
0.415515 0.301577
-0.415515 2.698423
0.417110 1.250850
-0.417110 1.749150
0.418347 0.532008
-0.418347 2.467992
0.419408 0.681401
-0.419408 2.318599
0.424993 1.336847
-0.424993 1.663153
0.425853 0.102972
-0.425853 2.897028
0.429040 0.330765
-0.429040 2.669235
0.429069 1.119711
-0.429069 1.880289
0.429621 0.799369
-0.429621 2.200631
0.433392 0.405142
-0.433392 2.594858
0.437180 0.887596
-0.437180 2.112404
0.437289 2.087356
-0.437289 0.912644
0.438290 0.591709
-0.438290 2.408291
0.438571 0.566597
-0.438571 2.433403
0.441959 1.054922
-0.441959 1.945078
0.449401 1.190003
-0.449401 1.809997
0.457064 1.513136
-0.457064 1.486864
0.457792 0.320196
-0.457792 2.679804
0.459423 0.046763
-0.459423 2.953237
0.459605 0.948423
-0.459605 2.051577
0.462722 0.112575
-0.462722 2.887425
0.466943 0.316421
-0.466943 2.683579
0.479096 1.604420
-0.479096 1.395580
0.483906 0.085759
-0.483906 2.914241
0.489610 0.892405
-0.489610 2.107595
0.490872 2.446109
-0.490872 0.553891
0.493381 0.889816
-0.493381 2.110184
0.494830 0.872340
-0.494830 2.127660
0.495063 1.146554
-0.495063 1.853446
0.496915 0.350845
-0.496915 2.649155
0.502949 1.640497
-0.502949 1.359503
0.510613 0.558951
-0.510613 2.441049
0.514151 1.923950
-0.514151 1.076050
0.514953 0.596670
-0.514953 2.403330
0.519352 0.580171
-0.519352 2.419829
0.520248 2.327848
-0.520248 0.672152
0.524995 1.193763
-0.524995 1.806237
0.528796 1.114298
-0.528796 1.885702
0.534484 0.193708
-0.534484 2.806292
0.535957 1.035468
-0.535957 1.964532
0.537955 1.837440
-0.537955 1.162560
0.541603 0.986526
-0.541603 2.013474
0.546459 1.559095
-0.546459 1.440905
0.548527 0.003236
-0.548527 2.996764
0.550545 1.212008
-0.550545 1.787992
0.559624 0.448665
-0.559624 2.551335
0.562520 0.496025
-0.562520 2.503975
0.563714 0.389078
-0.563714 2.610922
0.565822 0.283326
-0.565822 2.716674
0.566214 0.688402
-0.566214 2.311598
0.574842 1.122577
-0.574842 1.877423
0.577403 2.796108
-0.577403 0.203892
0.581430 0.166822
-0.581430 2.833178
0.586285 1.183229
-0.586285 1.816771
0.587080 0.531646
-0.587080 2.468354
0.587888 0.962166
-0.587888 2.037834
0.591458 0.921580
-0.591458 2.078420
0.591975 0.960193
-0.591975 2.039807
0.593286 0.578043
-0.593286 2.421957
0.598630 0.020840
-0.598630 2.979160
0.599034 2.095036
-0.599034 0.904964
0.611102 0.174011
-0.611102 2.825989
0.613987 0.110488
-0.613987 2.889512
0.614461 1.695122
-0.614461 1.304878
0.615414 0.744310
-0.615414 2.255690
0.618336 1.569917
-0.618336 1.430083
0.619001 1.099889
-0.619001 1.900111
0.628147 0.251907
-0.628147 2.748093
0.631156 0.525658
-0.631156 2.474342
0.636977 1.310558
-0.636977 1.689442
0.640870 1.672589
-0.640870 1.327411
0.641248 0.876634
-0.641248 2.123366
0.647976 0.709866
-0.647976 2.290134
0.650000 0.000000
0.650000 0.250000
0.650000 0.500000
0.650000 0.750000
0.650000 1.000000
0.650000 1.250000
0.650000 1.500000
0.650000 1.750000
0.650000 2.000000
0.650000 2.250000
0.650000 2.500000
0.650000 2.750000
0.650000 3.000000
-0.650000 3.000000
-0.650000 2.750000
-0.650000 2.500000
-0.650000 2.250000
-0.650000 2.000000
-0.650000 1.750000
-0.650000 1.500000
-0.650000 1.250000
-0.650000 1.000000
-0.650000 0.750000
-0.650000 0.500000
-0.650000 0.250000
-0.650000 0.000000
0.660303 2.678281
-0.660303 0.321719
0.672504 0.511871
-0.672504 2.488129
0.677116 0.368496
-0.677116 2.631504
0.678974 0.481093
-0.678974 2.518907
0.684119 1.557152
-0.684119 1.442848
0.690543 0.803146
-0.690543 2.196854
0.695053 1.630227
-0.695053 1.369773
0.697696 2.627757
-0.697696 0.372243
0.710562 0.232928
-0.710562 2.767072
0.713883 1.457998
-0.713883 1.542002
0.714143 0.653914
-0.714143 2.346086
0.714958 1.896756
-0.714958 1.103244
0.716542 0.028634
-0.716542 2.971366
0.717453 1.624808
-0.717453 1.375192
0.718697 2.083126
-0.718697 0.916874
0.732378 2.846709
-0.732378 0.153291
0.734733 0.707874
-0.734733 2.292126
0.748229 0.464952
-0.748229 2.535048
0.753661 0.774173
-0.753661 2.225827
0.754256 1.693390
-0.754256 1.306610
0.756046 1.305694
-0.756046 1.694306
0.759299 0.089034
-0.759299 2.910966
0.759463 0.002688
-0.759463 2.997312
0.762578 0.795931
-0.762578 2.204069
0.766618 1.597525
-0.766618 1.402475
0.768680 2.656696
-0.768680 0.343304
0.768906 1.773506
-0.768906 1.226494
0.772271 1.081497
-0.772271 1.918503
0.777472 0.356080
-0.777472 2.643920
0.777549 0.498000
-0.777549 2.502000
0.777591 1.238407
-0.777591 1.761593
0.784556 0.197891
-0.784556 2.802109
0.787984 1.041814
-0.787984 1.958186
0.788793 0.067783
-0.788793 2.932217
0.792991 0.229032
-0.792991 2.770968
0.794198 0.330711
-0.794198 2.669289
0.796288 0.312229
-0.796288 2.687771
0.801878 2.417637
-0.801878 0.582363
0.804037 0.401501
-0.804037 2.598499
0.807725 0.339163
-0.807725 2.660837
0.816037 1.454163
-0.816037 1.545837
0.821357 0.426985
-0.821357 2.573015
0.821513 0.900137
-0.821513 2.099863
0.823113 0.089518
-0.823113 2.910482
0.837128 0.824821
-0.837128 2.175179
0.844133 0.234087
-0.844133 2.765913
0.849647 1.629334
-0.849647 1.370666
0.871327 0.904625
-0.871327 2.095375
0.876119 0.324006
-0.876119 2.675994
0.876787 1.317469
-0.876787 1.682531
0.882527 0.074794
-0.882527 2.925206
0.882534 1.004073
-0.882534 1.995927
0.885531 1.103250
-0.885531 1.896750
0.887258 1.407238
-0.887258 1.592762
0.888175 0.125665
-0.888175 2.874336
0.899066 1.322518
-0.899066 1.677482
0.900000 0.000000
0.900000 0.250000
0.900000 0.500000
0.900000 0.750000
0.900000 1.000000
0.900000 1.250000
0.900000 1.500000
0.900000 1.750000
0.900000 2.000000
0.900000 2.250000
0.900000 2.500000
0.900000 2.750000
0.900000 3.000000
-0.900000 3.000000
-0.900000 2.750000
-0.900000 2.500000
-0.900000 2.250000
-0.900000 2.000000
-0.900000 1.750000
-0.900000 1.500000
-0.900000 1.250000
-0.900000 1.000000
-0.900000 0.750000
-0.900000 0.500000
-0.900000 0.250000
-0.900000 0.000000
0.900327 1.625826
-0.900327 1.374174
0.903468 1.004936
-0.903468 1.995064
0.905469 0.111297
-0.905469 2.888703
0.912925 0.938844
-0.912925 2.061156
0.913588 0.249875
-0.913588 2.750125
0.915328 0.733648
-0.915328 2.266352
0.925258 2.174572
-0.925258 0.825428
0.925695 1.683847
-0.925695 1.316153
0.926038 0.201373
-0.926038 2.798627
0.931203 0.062052
-0.931203 2.937948
0.934499 0.487403
-0.934499 2.512597
0.934504 1.188777
-0.934504 1.811223
0.935720 0.625015
-0.935720 2.374985
0.936976 0.126576
-0.936976 2.873425
0.937041 2.338120
-0.937041 0.661880
0.937904 2.416885
-0.937904 0.583115
0.943128 1.762636
-0.943128 1.237364
0.952072 0.672033
-0.952072 2.327967
0.958119 1.242805
-0.958119 1.757195
0.964178 0.095806
-0.964178 2.904194
0.975415 0.337303
-0.975415 2.662697
0.980130 1.025973
-0.980130 1.974027
0.980928 0.354093
-0.980928 2.645907
0.981835 0.113169
-0.981835 2.886831
0.986104 2.242644
-0.986104 0.757356
0.986600 0.292928
-0.986600 2.707072
1.005407 0.619749
-1.005407 2.380251
1.008383 1.258389
-1.008383 1.741611
1.013326 1.845753
-1.013326 1.154247
1.022401 0.102081
-1.022401 2.897919
1.025252 0.030794
-1.025252 2.969206
1.029670 0.819741
-1.029670 2.180259
1.044621 0.925566
-1.044621 2.074434
1.049959 0.912047
-1.049959 2.087953
1.060705 0.168621
-1.060705 2.831379
1.062469 1.427847
-1.062469 1.572153
1.064443 0.799661
-1.064443 2.200339
1.083170 2.876448
-1.083170 0.123552
1.084275 0.253423
-1.084275 2.746577
1.089299 1.994199
-1.089299 1.005801
1.089915 1.581474
-1.089915 1.418526
1.093359 0.414147
-1.093359 2.585853
1.095866 1.937940
-1.095866 1.062060
1.096095 0.494427
-1.096095 2.505573
1.097565 0.262560
-1.097565 2.737440
1.099640 0.345813
-1.099640 2.654187
1.103081 0.316649
-1.103081 2.683351
1.103250 1.787315
-1.103250 1.212685
1.105978 1.318825
-1.105978 1.681175
1.142148 0.484865
-1.142148 2.515135
1.145108 0.359399
-1.145108 2.640601
1.145670 0.154191
-1.145670 2.845809
1.148616 1.357287
-1.148616 1.642713
1.150000 0.000000
1.150000 0.250000
1.150000 0.500000
1.150000 0.750000
1.150000 1.000000
1.150000 1.250000
1.150000 1.500000
1.150000 1.750000
1.150000 2.000000
1.150000 2.250000
1.150000 2.500000
1.150000 2.750000
1.150000 3.000000
-1.150000 3.000000
-1.150000 2.750000
-1.150000 2.500000
-1.150000 2.250000
-1.150000 2.000000
-1.150000 1.750000
-1.150000 1.500000
-1.150000 1.250000
-1.150000 1.000000
-1.150000 0.750000
-1.150000 0.500000
-1.150000 0.250000
-1.150000 0.000000
1.164898 0.101568
-1.164898 2.898432
1.165287 1.895292
-1.165287 1.104708
1.166725 1.934507
-1.166725 1.065493
1.169122 1.895392
-1.169122 1.104608
1.171843 2.502276
-1.171843 0.497725
1.182989 1.787642
-1.182989 1.212358
1.188218 1.165605
-1.188218 1.834395
1.190455 1.446477
-1.190455 1.553523
1.198280 0.894039
-1.198280 2.105961
1.202542 1.642336
-1.202542 1.357664
1.206647 1.185324
-1.206647 1.814676
1.207415 0.137823
-1.207415 2.862176
1.211589 1.639000
-1.211589 1.361000
1.212816 0.751161
-1.212816 2.248839
1.219151 1.207735
-1.219151 1.792265
1.227420 0.548454
-1.227420 2.451546
1.228348 1.126015
-1.228348 1.873985
1.228704 1.531551
-1.228704 1.468449
1.229694 0.721389
-1.229694 2.278611
1.239074 0.100642
-1.239074 2.899358
1.240749 1.576160
-1.240749 1.423840
1.244134 0.657759
-1.244134 2.342241
1.245583 0.986257
-1.245583 2.013743
1.250405 0.098086
-1.250405 2.901914
1.267542 0.668964
-1.267542 2.331036
1.269279 2.603692
-1.269279 0.396308
1.270358 1.214855
-1.270358 1.785145
1.271668 0.307074
-1.271668 2.692926
1.274480 0.669706
-1.274480 2.330294
1.274695 1.986439
-1.274695 1.013561
1.280134 0.885120
-1.280134 2.114880
1.282254 0.472546
-1.282254 2.527454
1.285766 1.688430
-1.285766 1.311570
1.290045 0.571110
-1.290045 2.428890
1.296324 0.197173
-1.296324 2.802827
1.303705 1.010621
-1.303705 1.989379
1.304497 0.120202
-1.304497 2.879798
1.305858 0.600375
-1.305858 2.399626
1.310170 0.069734
-1.310170 2.930266
1.312498 0.140715
-1.312498 2.859285
1.315124 0.202328
-1.315124 2.797672
1.320081 0.476325
-1.320081 2.523675
1.320684 0.323391
-1.320684 2.676609
1.330129 0.365103
-1.330129 2.634897
1.343444 1.241048
-1.343444 1.758952
1.369931 0.696141
-1.369931 2.303859
1.400000 0.000000
1.400000 0.250000
1.400000 0.500000
1.400000 0.750000
1.400000 1.000000
1.400000 1.250000
1.400000 1.500000
1.400000 1.750000
1.400000 2.000000
1.400000 2.250000
1.400000 2.500000
1.400000 2.750000
1.400000 3.000000
-1.400000 3.000000
-1.400000 2.750000
-1.400000 2.500000
-1.400000 2.250000
-1.400000 2.000000
-1.400000 1.750000
-1.400000 1.500000
-1.400000 1.250000
-1.400000 1.000000
-1.400000 0.750000
-1.400000 0.500000
-1.400000 0.250000
-1.400000 0.000000
1.408350 1.591511
-1.408350 1.408489
1.413521 1.449482
-1.413521 1.550518
1.416042 0.489946
-1.416042 2.510054
1.417387 0.210327
-1.417387 2.789673
1.424230 1.201707
-1.424230 1.798293
1.446213 0.976358
-1.446213 2.023642
1.446785 0.405656
-1.446785 2.594344
1.450078 1.333536
-1.450078 1.666464
1.452095 1.939745
-1.452095 1.060255
1.453085 0.757380
-1.453085 2.242620
1.454997 0.376940
-1.454997 2.623060
1.461839 1.257298
-1.461839 1.742702
1.482216 0.526190
-1.482216 2.473810
1.490636 0.419458
-1.490636 2.580542
1.505667 1.358287
-1.505667 1.641713
1.506453 0.337677
-1.506453 2.662323
1.507009 0.250937
-1.507009 2.749063
1.511424 0.954032
-1.511424 2.045968
1.532211 0.006808
-1.532211 2.993192
1.536264 0.981681
-1.536264 2.018319
1.540333 0.639785
-1.540333 2.360215
1.543973 2.675703
-1.543973 0.324297
1.545516 0.071945
-1.545516 2.928055
1.547073 0.263012
-1.547073 2.736988
1.562004 1.222638
-1.562004 1.777362
1.592648 0.079972
-1.592648 2.920028
1.596301 1.318898
-1.596301 1.681102
1.632112 1.358487
-1.632112 1.641513
1.641591 1.768573
-1.641591 1.231427
1.643057 2.209367
-1.643057 0.790633
1.650000 0.000000
1.650000 0.250000
1.650000 0.500000
1.650000 0.750000
1.650000 1.000000
1.650000 1.250000
1.650000 1.500000
1.650000 1.750000
1.650000 2.000000
1.650000 2.250000
1.650000 2.500000
1.650000 2.750000
1.650000 3.000000
-1.650000 3.000000
-1.650000 2.750000
-1.650000 2.500000
-1.650000 2.250000
-1.650000 2.000000
-1.650000 1.750000
-1.650000 1.500000
-1.650000 1.250000
-1.650000 1.000000
-1.650000 0.750000
-1.650000 0.500000
-1.650000 0.250000
-1.650000 0.000000
1.657863 1.562886
-1.657863 1.437114
1.660203 0.349398
-1.660203 2.650602
1.674396 2.918160
-1.674396 0.081840
1.689082 0.949346
-1.689082 2.050654
1.699918 2.106592
-1.699918 0.893408
1.720743 2.069709
-1.720743 0.930291
1.734570 1.703547
-1.734570 1.296453
1.748466 0.496781
-1.748466 2.503220
1.750794 1.142749
-1.750794 1.857251
1.754035 2.173855
-1.754035 0.826144
1.755268 0.188597
-1.755268 2.811403
1.775000 2.125000
1.775000 2.375000
1.775000 2.625000
1.775000 2.875000
-1.775000 0.875000
-1.775000 0.625000
-1.775000 0.375000
-1.775000 0.125000
1.791839 0.066735
-1.791839 2.933265
1.795714 1.806922
-1.795714 1.193078
1.826989 0.361010
-1.826989 2.638990
1.837699 1.995667
-1.837699 1.004333
1.847611 0.229317
-1.847611 2.770683
1.857835 1.823277
-1.857835 1.176723
1.881344 1.501521
-1.881344 1.498479
1.900000 0.000000
1.900000 0.250000
1.900000 0.500000
1.900000 0.750000
1.900000 1.000000
1.900000 1.250000
1.900000 1.500000
1.900000 1.750000
1.900000 2.000000
1.900000 2.250000
1.900000 2.500000
1.900000 2.750000
1.900000 3.000000
-1.900000 3.000000
-1.900000 2.750000
-1.900000 2.500000
-1.900000 2.250000
-1.900000 2.000000
-1.900000 1.750000
-1.900000 1.500000
-1.900000 1.250000
-1.900000 1.000000
-1.900000 0.750000
-1.900000 0.500000
-1.900000 0.250000
-1.900000 0.000000
1.924209 2.025477
-1.924209 0.974523
1.936915 1.873454
-1.936915 1.126546
1.948701 0.564025
-1.948701 2.435975
1.964494 1.868871
-1.964494 1.131129
1.966041 0.087881
-1.966041 2.912119
1.971877 0.324863
-1.971877 2.675137
1.992762 0.499498
-1.992762 2.500502
1.993904 1.154274
-1.993904 1.845726
1.994330 2.361536
-1.994330 0.638464
2.004050 0.248592
-2.004050 2.751407
2.022060 0.113034
-2.022060 2.886966
2.025000 2.125000
2.025000 2.375000
2.025000 2.625000
2.025000 2.875000
-2.025000 0.875000
-2.025000 0.625000
-2.025000 0.375000
-2.025000 0.125000
2.030113 0.898192
-2.030113 2.101808
2.106225 0.485818
-2.106225 2.514182
2.131563 0.940861
-2.131563 2.059139
2.133581 1.023041
-2.133581 1.976959
2.146149 0.940398
-2.146149 2.059602
2.150000 0.000000
2.150000 0.250000
2.150000 0.500000
2.150000 0.750000
2.150000 1.000000
2.150000 1.250000
2.150000 1.500000
2.150000 1.750000
2.150000 2.000000
2.150000 2.250000
2.150000 2.500000
2.150000 2.750000
2.150000 3.000000
-2.150000 3.000000
-2.150000 2.750000
-2.150000 2.500000
-2.150000 2.250000
-2.150000 2.000000
-2.150000 1.750000
-2.150000 1.500000
-2.150000 1.250000
-2.150000 1.000000
-2.150000 0.750000
-2.150000 0.500000
-2.150000 0.250000
-2.150000 0.000000
