-0.315885 0.237748
-0.962065 -0.562169
-0.435394 0.730886
0.276179 -0.262097
0.662921 0.397099
0.214420 0.250300
0.777810 -0.862349
-0.390366 -0.714199
0.462745 0.217545
0.769678 -0.245190
0.459844 0.132246
0.125052 -0.763521
0.470351 0.429256
0.003460 0.571915
0.997241 -0.928067
0.470382 0.281115
0.578125 0.906728
-0.059982 0.782037
-0.708452 -0.248638
0.789164 0.655874
-0.056716 0.224822
-0.211790 0.422904
-0.111264 0.832253
0.980613 -0.832024
-0.803822 0.324484
-0.292201 0.753771
0.680741 0.517408
-0.789269 -0.947930
-0.702202 0.560688
0.327579 -0.922303
-0.780595 0.015897
0.309316 0.177279
0.823688 -0.253750
0.594712 0.884815
-0.584618 0.300752
0.326573 -0.089532
0.224680 0.853725
-0.377994 -0.841243
0.302728 0.199082
-0.972815 0.335772
0.246966 0.748640
-0.670123 -0.151566
0.067427 0.110388
0.517566 -0.385985
-0.647597 0.108913
-0.519435 0.933059
-0.255632 -0.478427
-0.738120 0.702452
0.198630 -0.020722
0.872133 -0.513033
0.227648 0.329587
-0.077237 0.330269
0.700556 -0.868364
-0.002657 0.086386
0.668454 0.142439
0.141307 0.777224
-0.890581 -0.060511
-0.686581 -0.539852
0.257473 -0.802599
0.930563 -0.947700
0.738605 0.491192
0.435344 -0.748411
-0.442456 -0.861776
-0.903248 0.687044
-0.090844 0.522633
-0.424769 -0.982480
-0.868402 0.550476
0.555689 0.387482
-0.712356 0.694301
-0.332975 -0.604119
0.349874 0.492626
0.300517 0.729122
0.860650 0.853787
-0.273212 -0.608466
0.876059 0.108025
0.591981 0.829392
-0.139553 -0.115120
-0.465406 0.204387
0.326201 0.172468
0.806701 -0.331635
-0.954836 0.668509
-0.738080 -0.099620
0.463775 -0.572108
-0.290047 -0.150785
-0.432892 -0.481628
0.625529 0.497758
0.587284 0.969865
-0.112074 0.236732
0.620923 -0.047729
-0.289377 0.341523
-0.901300 -0.728942
0.818688 -0.355440
-0.351926 -0.607001
0.998671 -0.643300
-0.929644 -0.279465
0.206299 -0.986203
-0.914690 0.303620
0.678457 0.739426
-0.332132 0.687297
0.345541 -0.572574
0.126902 -0.345988
0.149088 0.142524
-0.197632 -0.088209
-0.103513 -0.308914
0.368039 -0.173298
-0.001831 0.400329
0.118807 0.444599
0.029026 -0.170378
-0.375235 -0.405586
0.139380 -0.357973
-0.286368 0.100577
-0.481441 0.402173
-0.172532 -0.065933
0.326493 0.362136
-0.067235 -0.104797
0.459116 0.125596
0.367045 0.262548
0.411139 -0.180029
-0.141113 0.304810
0.348625 0.393379
0.031997 0.451506
0.261983 -0.250058
-0.124964 0.497015
-0.333818 0.368070
-0.475295 0.205007
0.051415 -0.095857
0.291736 0.088446
-0.270520 0.368761
0.018062 -0.369480
0.276027 0.137812
0.074451 -0.107671
0.338854 0.428861
0.356787 0.146444
-0.068651 -0.222693
0.189360 -0.197523
0.182000 -0.057623
-0.327787 0.292869
0.228018 0.451153
-0.334541 0.102094
-0.437753 -0.349319
0.423311 0.185337
-0.079753 -0.183329
-0.142372 0.214863
-0.442509 -0.449181
0.378931 -0.168833
-0.209431 -0.038472
0.046373 0.290586
0.042410 0.482454
-0.347138 0.486514
-0.038572 0.031041
0.348927 0.400808
0.226930 -0.375999
-0.073003 0.178792
0.017507 -0.025710
-0.360431 0.266436
0.475719 0.484388
-0.488197 0.414588
0.025752 -0.315651
0.431172 -0.182286
0.467135 0.426571
0.460080 -0.272436
-0.095448 0.376744
-0.082486 -0.301939
-0.293745 -0.080795
0.323536 0.027680
0.410774 -0.328868
-0.225491 0.429089
-0.297026 -0.466319
0.297023 0.109978
-0.231921 0.334884
0.264003 -0.385200
0.380123 0.255983
-0.116766 -0.229157
0.435778 -0.107472
0.402181 0.140581
0.148575 0.034257
-0.312488 -0.333979
0.446229 0.007347
0.094053 -0.005065
-0.256817 -0.419917
0.413106 -0.023625
0.385233 0.201253
-0.365574 -0.227444
0.385699 0.307987
0.130168 -0.080966
-0.328640 -0.271406
0.129898 0.265296
-0.362692 0.113738
-0.368674 0.230427
0.130319 0.005846
0.331775 0.092749
0.117337 -0.085244
0.227970 -0.231045
-0.389692 0.128979
0.122650 0.430183
0.478795 0.240056
0.256759 -0.243846
-0.002977 -0.085865
0.019783 0.142961
0.375897 0.067124
0.418159 -0.193306
0.275210 -0.291184
0.391737 -0.285484
0.362400 0.319426
-0.418314 0.309870
0.493997 -0.082620
-0.421442 0.461798
-0.280822 0.266151
0.112808 0.389722
0.167151 -0.233034
-0.224203 -0.485472
-0.217511 -0.018447
-0.384208 0.127100
-0.442581 0.181426
0.127443 0.386013
0.487486 0.353154
-0.025084 0.120550
-0.437579 0.265678
0.033471 -0.072617
-0.421810 0.214588
-0.209907 -0.371856
-0.354710 -0.388913
-0.335486 0.329467
-0.033787 0.084599
-0.343863 -0.399835
0.492136 0.345031
-0.414967 0.131876
-0.028246 -0.159909
0.352143 0.390237
0.371410 -0.439493
0.293797 0.005497
-0.374159 -0.001508
-0.261825 0.460799
0.331224 0.349731
0.347605 -0.480553
-0.037465 -0.440598
-0.457652 -0.430622
-0.442656 0.162303
-0.499234 -0.409184
0.313250 0.441225
-0.313653 0.333619
-0.041366 -0.147687
-0.152672 0.084717
-0.398660 0.146834
0.052826 0.108013
-0.212895 0.040713
-0.021177 -0.183077
-0.369124 -0.319387
0.214423 0.054489
0.125662 0.109558
-0.038161 0.350524
0.378929 -0.282497
0.316768 0.144817
0.216082 -0.102811
0.071138 0.175723
-0.288159 0.475249
-0.418351 0.296081
0.344860 -0.050409
0.113502 -0.041164
0.331453 -0.489975
-0.216910 0.000807
-0.429590 0.291608
0.424689 0.171618
-0.127271 -0.046578
-0.104831 0.101780
0.481780 0.426657
0.102383 0.152694
0.412287 -0.312422
0.372949 -0.308248
-0.479934 -0.162664
-0.173844 -0.002081
0.456540 0.346724
0.230748 -0.246502
-0.337171 -0.027734
0.406084 0.143791
0.077870 -0.254959
0.048851 -0.475719
-0.060236 -0.050472
0.455506 0.229368
0.133350 0.354614
-0.276143 -0.127620
0.465205 -0.002557
-0.187304 -0.478952
-0.165038 0.110868
0.446092 0.161468
0.233687 0.323437
-0.188425 -0.167066
0.362173 -0.359336
-0.166518 0.251015
-0.474318 0.029066
-0.346465 -0.168220
-0.142756 0.233761
0.201488 -0.013855
-0.490524 -0.355801
-0.323195 -0.471153
-0.330548 0.041243
0.037102 -0.430674
-0.269276 -0.048635
0.038916 -0.265754
0.286446 0.314070
0.038289 0.321285
0.039900 -0.137244
-0.014507 0.194403
0.494615 -0.171744
0.152517 -0.038036
-0.167039 -0.059079
-0.422308 -0.135626
-0.255350 0.076531
0.327722 -0.009479
0.221294 0.330531
-0.259616 0.415179
-0.391075 -0.154143
-0.382324 0.483133
-0.265600 0.400384
0.012579 0.269250
-0.158323 0.109156
0.121318 -0.392352
0.132211 -0.169671
-0.340543 0.176134
-0.458432 0.412428
0.462326 -0.031869
-0.351677 -0.358745
-0.054620 -0.428838
0.349654 0.226540
-0.391698 -0.312742
0.427854 -0.414930
0.001475 0.160646
-0.200578 -0.321428
-0.490989 0.397037
0.252563 0.038600
-0.467564 -0.215213
-0.005098 -0.112330
-0.197029 0.295089
0.352173 0.164454
-0.149252 -0.243964
-0.064496 -0.200397
0.376474 -0.273766
0.346809 0.418206
0.297600 0.078174
0.049777 -0.139111
-0.072473 0.199719
-0.094913 0.119844
-0.471487 0.185694
0.132878 -0.223315
0.027487 0.391884
0.404178 -0.451479
0.085578 -0.176397
0.025500 0.444847
-0.061519 -0.187728
0.008832 0.430181
-0.495393 -0.034253
0.352315 0.418643
0.182222 -0.366523
-0.464873 0.171270
0.420861 -0.215333
0.425538 -0.208677
0.493816 -0.189328
-0.186812 -0.132722
0.397867 -0.181218
-0.176945 0.289982
-0.400359 -0.159706
0.422877 -0.259320
-0.474650 0.145364
0.422737 0.240305
-0.069030 -0.203947
-0.423156 -0.025189
-0.229552 0.061716
-0.291153 -0.033289
0.227112 0.358201
-0.455729 -0.064929
0.414111 -0.386902
-0.028774 0.238321
0.121492 -0.471151
-0.365155 0.225903
-0.132593 -0.204624
0.465265 0.473818
-0.031029 0.277211
-0.203557 0.455085
0.207771 0.361593
0.251739 -0.073540
0.189283 -0.395489
0.398876 0.094843
0.003961 0.429724
-0.003226 -0.292963
-0.379736 -0.417111
0.258012 0.104536
-0.014796 0.160771
-0.255485 -0.163848
-0.274685 0.398052
0.016117 0.150024
-0.086903 -0.051073
-0.278250 0.421019
-0.103465 0.318762
0.399436 0.009414
0.267497 0.255135
0.111940 -0.189190
0.461500 0.115607
-0.413494 0.344961
-0.403207 -0.436131
-0.394638 -0.128686
0.290791 -0.160052
-0.091170 0.098319
-0.403691 -0.286129
-0.066386 0.154791
-0.159230 -0.477091
-0.240434 0.158927
0.352518 -0.117039
0.149041 -0.225311
-0.488402 0.354519
0.119828 0.345610
0.420466 -0.238891
0.159751 0.009645
0.455939 -0.393325
0.054374 0.443300
-0.072954 -0.047416
-0.063953 -0.166161
0.137851 0.237326
-0.056764 -0.377964
-0.424406 -0.221199
-0.064081 -0.297829
0.344729 0.480339
0.254588 -0.225246
-0.280334 0.168648
0.217038 0.280183
0.344097 0.327570
0.133646 -0.473519
0.054535 0.095559
-0.380880 -0.433297
0.150586 0.184520
-0.398958 0.491378
0.018444 0.215322
-0.469106 0.420173
-0.311750 -0.392484
-0.128181 0.115545
0.232419 0.226439
-0.397199 0.016236
-0.375523 -0.143991
-0.253848 0.245400
-0.496510 -0.121961
0.087949 -0.132963
0.240118 -0.397827
-0.366853 0.322814
-0.120145 -0.176254
0.412889 -0.047941
0.218448 0.387457
-0.415155 -0.148077
0.311760 0.144220
0.138944 -0.084964
-0.457142 0.345314
0.486550 0.342555
0.287237 -0.423400
-0.157059 -0.467901
-0.418010 -0.213363
0.326436 -0.128613
0.430253 0.254655
0.090276 0.307186
-0.052449 0.164820
-0.328737 -0.408115
0.389468 -0.378711
0.120425 -0.149384
0.459970 0.285823
-0.307913 0.347609
-0.346335 -0.033724
0.085932 -0.088237
0.064675 -0.207056
0.355808 -0.392164
-0.372989 0.175896
-0.203891 0.429996
-0.476784 -0.268080
0.230062 -0.149115
0.163637 0.287803
-0.373022 0.434344
0.126048 -0.430422
-0.204082 0.289343
-0.392581 -0.251060
0.352715 0.471728
-0.490376 0.389048
0.409425 0.195430
-0.036498 0.058688
-0.039674 0.265989
-0.279137 0.396904
-0.359875 -0.359887
0.285899 -0.137018
0.301394 -0.426525
0.481727 0.499022
0.206721 0.095753
0.494370 -0.288263
-0.259824 -0.217942
-0.288128 0.435945
0.226180 -0.296093
0.484776 0.003629
-0.164344 0.227821
0.130638 0.252454
-0.479792 -0.220661
-0.142373 -0.169425
0.452072 -0.039774
0.042337 -0.133822
-0.083369 -0.287485
-0.074160 0.157332
0.026212 0.094799
0.189534 0.226234
0.000529 0.264474
-0.246073 0.361268
0.148879 -0.259788
0.007353 0.354060
-0.158547 0.490693
0.370599 0.385218
-0.256205 -0.181856
-0.378179 -0.420406
-0.370619 0.439672
-0.030212 0.105573
-0.448586 -0.000175
0.332848 0.161979
-0.037467 0.437015
0.244668 0.398837
-0.279190 0.249169
0.134033 -0.489664
0.166098 -0.457434
0.130522 -0.183015
0.482124 0.340507
-0.303393 0.351594
0.384671 -0.185773
0.159842 -0.117886
-0.464187 -0.309297
0.243470 -0.161264
-0.284996 -0.412025
-0.082600 0.061997
-0.326588 -0.224828
0.341216 -0.321691
-0.093830 0.068593
0.304968 0.495319
0.203080 0.178235
-0.466904 0.206423
-0.206132 0.115219
0.029928 0.315675
0.420985 -0.216561
-0.349318 -0.396870
-0.393314 0.253518
-0.450311 -0.101008
0.194955 0.498471
-0.187232 -0.264269
0.017506 0.451280
0.442492 0.475320
-0.414423 0.063034
-0.133345 0.232777
0.088125 0.372137
-0.455896 0.120946
-0.290489 -0.359623
-0.094057 -0.436383
-0.032324 -0.470582
0.033398 -0.003703
0.280702 -0.284802
0.042343 0.238427
-0.158662 0.350053
0.318720 0.246110
-0.153218 0.119307
-0.203732 -0.141703
-0.198034 -0.238506
-0.167540 -0.497518
0.156973 0.223610
-0.140153 0.135854
-0.130093 -0.151187
-0.072132 0.089917
-0.317489 0.366284
0.248495 0.304231
-0.221910 0.001877
0.251136 -0.039953
-0.276617 -0.221766
-0.015074 0.160786
0.399538 -0.033764
-0.355129 0.094982
-0.385369 -0.175346
-0.029133 0.489249
-0.139113 0.047562
0.450236 0.306563
-0.425303 0.280977
0.224813 -0.443849
-0.216799 0.492968
0.108950 0.258092
-0.035160 0.078633
0.386425 0.364319
0.296636 0.036369
-0.063824 -0.382553
-0.232786 -0.176066
0.156146 0.346899
0.124606 0.103678
0.319248 -0.284327
-0.425531 -0.086168
0.200755 -0.379479
0.388366 -0.318100
0.460550 0.060204
-0.464590 -0.168485
0.472845 -0.417876
-0.148168 0.077548
0.095791 0.489763
0.403636 -0.395324
-0.408630 0.276002
0.461115 0.050062
0.090511 0.197800
-0.037052 0.030724
