-0.452525 -0.890705 0.023005
0.652850 -0.845875 0.021084
0.397904 0.913450 -0.001391
0.095233 1.054986 0.006280
0.523990 -0.941104 0.037762
-0.026295 1.004394 0.021792
0.424546 0.908192 -0.028532
-0.991431 -0.274878 0.051088
-1.012615 -0.035256 0.037980
-0.730493 -0.630984 -0.031217
0.879147 0.346115 0.043943
-0.845433 -0.458690 0.084944
-0.385073 0.920895 0.005585
0.240167 0.883652 0.048039
1.030956 -0.260238 0.072710
0.871156 0.501812 -0.040290
-1.017577 -0.005561 0.027793
0.591927 0.786712 0.036087
0.296894 0.945982 0.006625
-0.831588 -0.403408 0.054164
0.607273 -0.782316 -0.018225
-0.711670 -0.739073 0.012524
-0.537236 0.859284 0.001969
-0.893213 -0.419633 -0.010816
0.072382 -0.913211 0.048622
0.579431 0.818721 -0.000759
0.866296 -0.495700 0.005959
-0.359517 1.033110 -0.016308
-0.778482 -0.602863 -0.086514
-0.097866 -0.987829 0.022406
0.886794 0.401357 0.048564
0.754197 0.742431 -0.017871
1.054490 -0.077174 0.023816
-0.205399 -0.956194 -0.030578
0.797070 0.550569 0.031271
0.806644 0.629138 -0.002197
-0.072207 1.009209 -0.015725
-0.415039 -0.972070 0.019934
-0.083186 1.085167 0.035992
0.507577 -0.794120 0.022094
-0.238166 0.905729 -0.030532
-0.634439 0.689296 -0.025772
-0.851786 -0.595751 0.004655
-0.573497 -0.891404 0.068460
-0.723252 0.712378 0.031842
-0.677380 0.803786 -0.005211
-0.464171 -0.969358 -0.034460
-0.710878 -0.760701 -0.068210
0.611971 0.845301 -0.016808
-0.580474 -0.745871 -0.039843
0.169919 -0.975382 0.013248
0.768981 -0.622375 -0.013621
-0.292949 -0.979569 0.017182
-0.208604 -1.001468 0.015800
0.299738 -0.964749 0.003094
-0.031668 -1.044972 0.010822
0.223090 -0.975082 0.013751
0.909978 -0.484376 -0.015528
0.391391 0.884337 -0.027551
-0.995240 -0.056835 0.036166
-1.025552 0.024389 0.093696
-0.057437 1.009172 0.008572
0.778781 0.690627 -0.037123
0.515045 0.835865 -0.026806
-0.967572 0.116985 -0.081610
-0.890801 -0.502266 -0.034013
-1.052795 -0.177275 -0.010302
-0.117035 1.059045 -0.043047
-0.651907 0.723858 0.017697
0.775739 -0.681051 -0.000988
0.393839 0.938824 -0.024617
0.491481 0.868168 0.002460
-1.029800 -0.309908 0.001736
0.224257 -0.939494 -0.031988
-0.897043 0.474295 0.022975
-0.738182 0.646326 -0.047129
0.043264 1.024984 0.001621
0.633208 0.782519 0.007239
-0.987701 -0.334611 -0.004108
-0.626011 0.746164 0.088214
0.928486 0.521170 0.066365
0.928837 0.322532 0.047035
0.549448 -0.870440 0.010463
0.312492 -0.902157 -0.020870
0.378850 -0.936130 0.029692
-0.615313 -0.906324 -0.017764
0.913884 -0.575402 0.010756
-0.730375 0.703429 0.010488
-1.067262 -0.054688 -0.042956
0.948968 -0.244581 -0.000192
-0.171397 -0.974468 0.011548
-0.058986 0.929542 -0.071820
0.499059 0.823649 0.058855
0.355071 -0.894841 -0.084777
0.471023 0.851150 -0.061292
-0.701032 0.723847 -0.034703
-0.986525 -0.171276 -0.000942
0.760755 -0.534585 -0.015828
-0.573882 -0.769618 -0.021440
0.927066 0.100651 0.036522
0.578869 -0.772128 0.003428
-0.653993 0.763471 0.044450
0.426917 0.836919 -0.037864
1.041257 0.049253 0.081343
-0.978552 -0.050519 -0.009015
0.397755 0.886061 -0.010771
0.889999 0.571628 0.065804
0.869281 -0.419430 0.027040
-0.244710 0.925207 -0.018933
0.936101 0.120928 0.004459
-0.814859 0.585537 -0.057358
-0.970541 0.292785 -0.009568
-0.282503 -0.998089 -0.037485
0.906538 -0.416698 -0.000365
0.727907 0.682852 -0.003369
-0.094114 0.988579 -0.011029
0.428384 -0.944579 -0.034466
-0.796219 -0.592412 0.024940
0.213891 -0.974773 -0.010501
-0.663696 0.770752 0.073922
-0.305680 0.857167 0.003426
1.030233 0.223784 0.059348
0.896943 -0.280842 0.052800
0.856903 0.392391 0.050800
-0.886531 0.485066 -0.062990
0.116956 -0.990433 0.004478
-0.942694 -0.335366 -0.003586
-0.896159 -0.452813 0.000370
0.344599 -0.953853 0.036601
-0.686650 0.702634 -0.082146
0.292930 -0.972705 0.008992
-1.010291 -0.006005 -0.028915
-0.184142 -0.929469 -0.011086
1.035673 -0.043118 0.081444
0.641574 -0.847611 -0.076684
-0.080171 -0.950155 -0.002171
-0.314787 0.977353 0.055441
0.967560 0.291684 0.081269
-0.892270 -0.375820 0.019932
0.436259 -0.919654 -0.022820
-0.201740 1.022412 0.054884
-0.886200 0.575569 -0.006184
-0.606796 -0.795625 -0.009598
0.897840 -0.349404 -0.015506
0.636827 0.757137 0.014726
0.854082 -0.466992 0.066885
0.895481 0.203614 -0.039469
-0.776988 0.647063 0.033969
0.886366 -0.504367 0.023299
-0.508349 -0.859864 0.000597
0.392579 0.934061 0.055095
0.810608 -0.482801 -0.044245
0.926996 0.342451 0.035820
0.568921 -0.745815 -0.072957
0.871896 0.314896 -0.053932
0.204139 0.976749 0.030752
0.914862 -0.470995 -0.089171
-0.449887 0.889945 0.020691
-0.916657 -0.461957 -0.072367
0.407942 -0.918638 0.015161
0.816704 0.512904 0.049336
0.924376 -0.478137 0.002505
-0.110622 0.990578 0.008167
-0.964120 0.140747 0.047091
0.605227 -0.888716 -0.033692
-0.817505 -0.552954 -0.035638
0.837246 0.535029 0.009561
-0.806191 -0.609372 0.026523
0.355444 -0.943752 -0.007558
0.289400 0.959320 -0.000797
-0.728754 -0.732537 0.092320
0.931007 0.035274 0.035666
0.990319 -0.006171 0.027317
-0.419221 0.863341 0.010929
-0.639570 0.838264 0.023922
-1.003214 -0.065593 0.094740
-0.716892 -0.708012 0.059611
0.885556 -0.472467 -0.072678
-0.037043 -1.000509 0.044648
-0.789432 -0.612797 0.003781
0.087219 -1.004930 0.069131
-0.839012 -0.551695 0.001182
0.753196 -0.529921 0.003398
0.031018 -1.020277 0.060311
-0.736195 0.653997 -0.098503
0.381288 -0.926535 -0.048880
-0.903648 -0.310294 -0.060764
0.890359 0.402046 0.091752
-0.920836 -0.280683 -0.039200
0.602220 -0.877592 0.063673
-0.271692 -0.976306 0.052701
-0.988343 -0.039914 0.037341
-0.478107 0.867087 -0.005836
-0.994971 -0.148760 -0.018288
0.471561 0.829452 -0.074302
1.017783 -0.073114 0.056231
-0.197196 -0.940827 0.023012
-0.946797 0.114750 -0.036825
0.902211 0.556642 0.004150
-0.775566 -0.718666 -0.040167
0.477223 -0.873987 -0.026157
-1.015976 -0.179099 0.074983
0.692561 0.632190 0.058275
-0.458884 0.929101 0.030598
0.118860 -1.081263 0.038507
0.836692 0.503022 0.067967
-0.810637 0.671539 0.000520
0.882926 0.470194 0.000414
1.070633 -0.012421 -0.021811
-0.651791 -0.792195 0.042008
-0.990663 -0.024795 -0.095405
-0.314704 -0.882471 -0.018349
-0.444594 -0.926421 0.065008
0.782753 -0.573003 0.008308
0.086049 1.064891 -0.070452
-0.161982 -0.986799 0.000729
-1.004771 0.241163 0.090135
-0.915079 -0.133857 -0.056084
0.536097 0.876226 0.024496
0.768892 0.691798 0.060850
-0.020696 -1.079193 0.022949
0.892393 -0.463766 0.007664
0.325866 0.999585 0.010919
0.070324 1.003159 -0.016879
-0.952577 -0.036183 -0.031795
-1.062538 0.104137 0.048410
0.659086 -0.681843 0.056163
0.626313 -0.811491 -0.022446
-0.938271 -0.175903 -0.038619
-0.669787 -0.651794 0.015827
-0.632693 0.816355 0.021313
0.344706 -0.876801 -0.067931
-0.458659 -0.828621 0.069208
0.826927 -0.671244 -0.003860
-0.404028 -0.907478 0.061530
-0.978138 -0.240034 -0.002254
-0.702253 0.690105 0.028246
0.519810 -0.946365 -0.012327
0.764376 0.651092 -0.008155
0.688221 -0.724112 0.001450
0.563854 -0.778839 0.080103
0.533979 0.803651 -0.015990
-0.990834 -0.154363 0.008017
0.524385 0.922574 0.010732
0.991037 0.064892 0.043362
-0.474273 -0.949688 0.035004
-0.871442 0.475399 0.006975
-0.531954 0.852471 -0.008855
0.048405 0.993074 0.047570
0.444185 -0.828527 -0.003001
0.120748 -1.015028 -0.071527
-0.048261 1.088856 0.024219
0.839558 0.374175 0.012173
-0.689739 0.605665 -0.046604
-0.752183 0.717376 0.003937
-0.130526 -1.008878 0.009847
0.791120 0.602042 0.028366
0.974644 -0.464637 0.030308
-1.022576 -0.155595 0.026023
-0.642848 0.697358 -0.060364
-0.984749 0.220736 0.006220
0.137487 -0.953941 -0.065388
-0.967366 -0.253679 0.000749
-0.010430 -0.980050 -0.019018
0.862622 -0.530620 -0.040146
-0.620944 -0.869046 0.056108
-0.992641 0.126394 -0.003838
0.136731 1.047366 -0.026626
-0.728399 0.647322 -0.014398
-0.257657 -0.972646 0.015045
1.028364 -0.098200 -0.087425
0.668623 0.695569 -0.007360
-0.707082 0.708711 -0.055235
0.977179 0.212554 -0.000199
-0.813056 -0.613948 0.024172
-0.475377 0.803038 -0.038456
-0.806303 -0.500784 -0.076528
-0.284864 0.925321 0.025741
0.847258 0.593431 -0.057712
-0.891016 -0.305479 0.035179
-0.179368 -0.999552 0.025135
-0.868396 0.494804 0.000919
-0.913658 0.459787 0.062177
0.627317 0.650598 -0.014104
-0.413788 0.876402 -0.084410
-0.964467 -0.280492 -0.011827
0.390672 0.883628 -0.069311
-0.938344 -0.231699 0.019894
0.872315 0.645917 0.050535
0.506665 -0.876663 0.019413
0.587122 -0.795142 0.067344
0.604807 -0.770409 -0.015357
-0.979517 -0.137724 -0.036944
0.599994 0.790944 0.075671
1.045008 0.028962 -0.010568
0.987038 -0.120875 0.023470
-0.971452 -0.296620 0.021546
-0.700281 0.614209 0.047061
0.975115 0.088683 -0.028705
0.378187 0.932434 -0.046119
-1.028923 -0.089202 0.045853
-1.021487 -0.319623 -0.000088
-0.062832 1.000771 -0.004539
-0.048982 -0.987396 -0.000586
0.775355 0.717917 -0.041628
1.027735 -0.113874 0.034064
-0.203490 -0.999944 0.004528
-0.622286 -0.784126 0.052483
0.530667 -0.898993 -0.042280
-0.685383 -0.724734 -0.003579
0.885356 0.600953 0.036959
-0.021629 -0.998066 0.009310
0.370208 -0.913768 0.019196
-0.503893 -0.952139 -0.037834
-0.463871 0.869847 0.014044
-0.781845 0.556941 0.013682
-0.202026 -0.987423 -0.004226
0.314181 -0.870700 -0.003731
0.584524 -0.819070 -0.017117
0.448884 0.853135 0.054992
0.380773 -0.863699 0.064724
0.282942 -0.999641 0.038868
0.447101 -0.901324 0.083776
0.973974 0.238913 0.035119
0.594342 0.778366 -0.011092
0.327142 0.926887 0.000201
-0.654164 0.712918 0.061860
0.764958 0.696396 -0.069774
0.903112 -0.274902 -0.018850
-0.595445 -0.806900 -0.004274
-0.638870 0.763719 -0.034877
0.190019 0.907451 0.056519
-0.430233 -0.898702 -0.063772
-0.939500 0.484135 0.048011
0.181485 1.041184 -0.060951
0.904576 -0.285805 0.062578
0.418731 -0.873171 -0.026739
0.128359 0.947137 -0.020366
-0.410351 0.899767 -0.016279
-0.775063 -0.576440 0.092300
-0.928300 0.422396 0.035042
-0.826630 -0.502817 0.049814
-0.065382 -0.923782 0.018935
0.836274 -0.379265 0.036000
-0.853784 -0.632068 0.067130
-0.907271 0.318361 0.025338
0.866872 0.523205 -0.003431
0.856115 0.554747 -0.083156
0.161873 1.028018 0.002441
0.019204 -1.006453 0.048963
-0.188112 0.953345 0.018763
0.735058 0.756365 0.032489
-0.959704 -0.274622 0.007426
-1.003312 0.133622 0.024889
0.653781 0.688272 0.054371
-0.635364 -0.788115 -0.084748
0.883109 -0.377456 0.053041
-0.698071 0.671028 -0.033142
0.593182 0.803672 -0.001977
0.983671 0.311729 0.034270
-0.359303 -0.938418 0.005064
0.780701 -0.680518 0.076866
0.169994 0.967581 0.009976
-0.720761 0.670583 -0.016888
-0.583276 0.896937 0.047668
-0.487582 -0.902605 0.047758
0.176619 -0.905607 0.002974
0.133525 -0.980312 -0.022965
0.171981 -0.958918 0.010949
-0.849414 -0.615942 0.028719
0.875238 -0.587733 -0.025360
0.967348 -0.230318 0.018100
0.426612 -0.904913 -0.000431
0.429009 -0.869455 -0.070972
0.271090 -0.905528 -0.022530
0.934291 -0.036834 0.043991
-0.993188 -0.263506 -0.046365
0.327554 -0.921296 0.027895
-0.781109 0.638287 0.002718
0.835608 -0.622590 0.015263
0.657146 0.808925 0.076740
0.085792 -1.057926 -0.039669
-0.183192 0.983397 -0.001515
-0.083608 0.988632 -0.005731
-0.569454 0.819193 -0.002927
-0.413880 0.907045 -0.028858
0.674506 -0.819963 -0.039464
0.515743 -0.866104 -0.029594
-0.653837 -0.793130 0.025386
-0.450056 -0.925488 0.058288
-0.150202 0.992253 -0.039873
0.835383 -0.542451 -0.005775
-0.994897 -0.048972 -0.004419
0.047392 -1.001925 0.014558
0.854615 -0.486735 -0.076585
-0.405867 -0.945313 0.084649
-0.102327 0.915502 -0.034262
-0.661316 -0.629263 -0.024891
-0.713138 0.763118 0.083813
-0.431131 -0.879698 0.057545
-0.493949 -0.859600 0.014043
-0.759311 0.610703 0.038581
0.539359 0.862129 -0.049146
-0.189860 0.968556 -0.011756
0.056922 -0.965850 -0.008280
0.861747 -0.608890 -0.023700
0.374204 0.892018 -0.044505
0.958582 -0.189814 0.051622
1.008526 0.155931 0.069258
-0.924648 0.354031 0.017244
-0.961075 -0.260418 -0.003228
-0.652855 0.745495 0.006626
-0.758220 0.727310 -0.083639
-0.178949 -0.912430 -0.012818
-0.463859 0.830296 0.062522
0.874580 -0.429663 -0.042764
-0.330544 -0.937386 -0.007944
-0.921451 -0.303916 0.010089
-0.999951 -0.089975 -0.025285
-0.428545 -0.904960 -0.056065
0.424965 0.838049 0.028336
-0.186303 0.908356 -0.034248
-0.809953 -0.610995 -0.001008
-0.826739 -0.387146 0.000969
0.018571 1.014057 0.012823
-0.997610 -0.327340 0.006315
0.878065 0.485038 -0.022831
-0.609436 -0.809176 0.022333
-0.776202 -0.502648 -0.048736
0.845259 0.569014 -0.019632
-0.773267 0.652421 0.005869
0.688040 -0.802751 0.008203
-0.895466 -0.483615 -0.062724
0.961267 0.303109 0.046512
1.014707 0.174365 0.021298
0.940138 -0.337811 0.000526
0.978731 -0.010979 0.003613
-0.442301 -0.896608 0.029192
0.602658 -0.689241 0.006734
-0.859954 -0.496458 0.046581
-0.573026 -0.917116 0.026197
-0.704542 -0.666287 -0.020444
-1.006784 -0.106474 -0.003899
0.850713 0.415511 0.056056
0.904937 0.029161 0.009353
-0.632746 0.791679 0.031940
0.518939 -0.756076 0.010783
0.876781 0.448204 0.009040
0.447844 -0.923639 0.094506
-0.394398 -0.932130 0.013128
0.766618 -0.574279 -0.017535
-0.923699 -0.390935 0.017329
-0.541732 0.745120 -0.032651
0.741937 -0.555235 0.041603
0.800542 -0.520809 -0.005913
-0.767303 -0.664837 0.045358
-0.477760 -0.766771 0.024120
0.385698 -0.931157 -0.000667
0.579289 0.801776 -0.049598
-0.406586 -0.902720 0.026396
0.770623 -0.630581 0.026708
-0.954129 -0.237248 -0.045712
-0.661373 0.699749 -0.011592
-0.821244 -0.549079 0.072980
0.412097 -0.934509 0.042000
0.500132 -0.866126 0.006874
0.449952 -0.932766 0.054330
0.571937 0.817905 -0.076342
-0.603924 -0.764897 0.001650
-0.578888 0.815298 -0.000644
0.803856 -0.541926 -0.002202
0.496856 -0.785620 -0.000554
0.130931 -0.992559 -0.021964
-0.434009 -0.916952 0.013981
-0.967914 0.325117 -0.096676
-0.871210 -0.531881 -0.026099
1.006477 0.000000 -0.051420
-0.017460 0.995048 -0.028251
-0.088136 1.045753 -0.069560
-0.119582 -1.037430 -0.080505
-0.936832 -0.327120 0.043118
-0.636252 0.774215 0.008028
0.923411 0.445221 -0.025532
0.041566 1.049213 -0.008608
0.747610 -0.748471 -0.009286
-0.929562 -0.427389 -0.079308
0.249239 0.939413 0.019452
0.422388 -0.967629 0.056426
-0.899185 -0.360692 0.083954
-0.668781 0.770064 -0.008843
0.263562 -1.012568 -0.047952
-0.878526 0.357205 -0.028922
-0.901444 -0.350807 -0.073147
0.572184 -0.816423 0.003230
0.910141 0.175692 -0.056128
-0.360871 -0.946861 0.015154
0.874858 -0.308590 0.051553
-0.946967 0.392034 -0.005106
0.880553 -0.286128 -0.067067
-0.729758 -0.571989 -0.057721
0.023005 0.109295 -0.452525
0.021084 0.154125 0.652850
-0.001391 1.913450 0.397904
0.006280 2.054986 0.095233
0.037762 0.058896 0.523990
0.021792 2.004394 -0.026295
-0.028532 1.908193 0.424546
0.051088 0.725122 -0.991431
0.037980 0.964745 -1.012615
-0.031217 0.369017 -0.730493
0.043943 1.346115 0.879147
0.084944 0.541310 -0.845433
0.005585 1.920895 -0.385073
0.048039 1.883652 0.240167
0.072710 0.739762 1.030956
-0.040290 1.501812 0.871156
0.027793 0.994439 -1.017577
0.036087 1.786712 0.591927
0.006625 1.945982 0.296894
0.054164 0.596592 -0.831588
-0.018225 0.217684 0.607273
0.012524 0.260927 -0.711670
0.001969 1.859284 -0.537236
-0.010816 0.580367 -0.893213
0.048622 0.086789 0.072382
-0.000759 1.818721 0.579431
0.005959 0.504301 0.866296
-0.016308 2.033110 -0.359517
-0.086514 0.397137 -0.778482
0.022406 0.012171 -0.097866
0.048564 1.401357 0.886794
-0.017871 1.742431 0.754197
0.023816 0.922826 1.054490
-0.030578 0.043807 -0.205399
0.031271 1.550569 0.797070
-0.002197 1.629138 0.806644
-0.015725 2.009209 -0.072207
0.019934 0.027930 -0.415039
0.035992 2.085167 -0.083186
0.022094 0.205880 0.507577
-0.030532 1.905729 -0.238166
-0.025772 1.689296 -0.634439
0.004655 0.404249 -0.851786
0.068460 0.108596 -0.573497
0.031842 1.712378 -0.723252
-0.005211 1.803786 -0.677380
-0.034460 0.030642 -0.464171
-0.068210 0.239300 -0.710878
-0.016808 1.845301 0.611971
-0.039843 0.254129 -0.580474
0.013248 0.024618 0.169919
-0.013621 0.377625 0.768981
0.017182 0.020431 -0.292949
0.015800 -0.001468 -0.208604
0.003094 0.035251 0.299738
0.010822 -0.044972 -0.031668
0.013751 0.024918 0.223090
-0.015528 0.515624 0.909978
-0.027551 1.884337 0.391391
0.036166 0.943165 -0.995240
0.093696 1.024389 -1.025552
0.008572 2.009172 -0.057437
-0.037123 1.690627 0.778781
-0.026806 1.835865 0.515045
-0.081610 1.116985 -0.967572
-0.034013 0.497734 -0.890801
-0.010302 0.822725 -1.052795
-0.043047 2.059045 -0.117035
0.017697 1.723858 -0.651907
-0.000988 0.318949 0.775739
-0.024617 1.938824 0.393839
0.002460 1.868168 0.491481
0.001736 0.690092 -1.029800
-0.031988 0.060506 0.224257
0.022975 1.474295 -0.897043
-0.047129 1.646326 -0.738182
0.001621 2.024984 0.043264
0.007239 1.782519 0.633208
-0.004108 0.665389 -0.987701
0.088214 1.746164 -0.626011
0.066365 1.521170 0.928486
0.047035 1.322532 0.928837
0.010463 0.129560 0.549448
-0.020870 0.097843 0.312492
0.029692 0.063870 0.378850
-0.017764 0.093676 -0.615313
0.010756 0.424598 0.913884
0.010488 1.703429 -0.730375
-0.042956 0.945312 -1.067262
-0.000192 0.755419 0.948968
0.011548 0.025532 -0.171397
-0.071820 1.929542 -0.058986
0.058855 1.823649 0.499059
-0.084777 0.105159 0.355071
-0.061292 1.851150 0.471023
-0.034703 1.723847 -0.701032
-0.000942 0.828724 -0.986525
-0.015828 0.465415 0.760755
-0.021440 0.230382 -0.573882
0.036522 1.100651 0.927066
0.003428 0.227872 0.578869
0.044450 1.763471 -0.653993
-0.037864 1.836919 0.426917
0.081343 1.049253 1.041257
-0.009015 0.949481 -0.978552
-0.010771 1.886061 0.397755
0.065804 1.571628 0.889999
0.027040 0.580569 0.869281
-0.018933 1.925207 -0.244710
0.004459 1.120928 0.936101
-0.057358 1.585537 -0.814859
-0.009568 1.292785 -0.970541
-0.037485 0.001911 -0.282503
-0.000365 0.583302 0.906538
-0.003369 1.682852 0.727907
-0.011029 1.988579 -0.094114
-0.034466 0.055421 0.428384
0.024940 0.407588 -0.796219
-0.010501 0.025227 0.213891
0.073922 1.770752 -0.663696
0.003426 1.857167 -0.305680
0.059348 1.223784 1.030233
0.052800 0.719158 0.896943
0.050800 1.392391 0.856903
-0.062990 1.485066 -0.886531
0.004478 0.009567 0.116956
-0.003586 0.664634 -0.942694
0.000370 0.547187 -0.896159
0.036601 0.046147 0.344599
-0.082146 1.702634 -0.686650
0.008992 0.027295 0.292930
-0.028915 0.993995 -1.010291
-0.011086 0.070531 -0.184142
0.081444 0.956882 1.035673
-0.076684 0.152389 0.641574
-0.002171 0.049845 -0.080171
0.055441 1.977353 -0.314787
0.081269 1.291684 0.967560
0.019932 0.624180 -0.892270
-0.022820 0.080346 0.436259
0.054884 2.022412 -0.201740
-0.006184 1.575569 -0.886200
-0.009598 0.204375 -0.606796
-0.015506 0.650596 0.897840
0.014726 1.757137 0.636827
0.066885 0.533008 0.854082
-0.039469 1.203614 0.895481
0.033969 1.647063 -0.776988
0.023299 0.495633 0.886366
0.000597 0.140136 -0.508349
0.055095 1.934061 0.392579
-0.044245 0.517199 0.810608
0.035820 1.342451 0.926996
-0.072957 0.254185 0.568921
-0.053932 1.314896 0.871896
0.030752 1.976749 0.204139
-0.089171 0.529005 0.914862
0.020691 1.889945 -0.449887
-0.072367 0.538043 -0.916657
0.015161 0.081362 0.407942
0.049336 1.512904 0.816704
0.002505 0.521863 0.924376
0.008167 1.990578 -0.110622
0.047091 1.140747 -0.964120
-0.033692 0.111284 0.605227
-0.035638 0.447046 -0.817505
0.009561 1.535029 0.837246
0.026523 0.390628 -0.806191
-0.007558 0.056248 0.355444
-0.000797 1.959320 0.289400
0.092320 0.267463 -0.728754
0.035666 1.035274 0.931007
0.027317 0.993828 0.990319
0.010929 1.863341 -0.419221
0.023922 1.838264 -0.639570
0.094740 0.934407 -1.003214
0.059611 0.291988 -0.716892
-0.072678 0.527533 0.885556
0.044648 -0.000509 -0.037043
0.003781 0.387203 -0.789432
0.069131 -0.004931 0.087219
0.001182 0.448305 -0.839012
0.003398 0.470079 0.753196
0.060311 -0.020277 0.031018
-0.098503 1.653997 -0.736195
-0.048880 0.073465 0.381288
-0.060764 0.689706 -0.903648
0.091752 1.402046 0.890359
-0.039200 0.719317 -0.920836
0.063673 0.122408 0.602220
0.052701 0.023694 -0.271692
0.037341 0.960086 -0.988343
-0.005836 1.867087 -0.478107
-0.018288 0.851240 -0.994971
-0.074302 1.829452 0.471561
0.056231 0.926886 1.017783
0.023012 0.059173 -0.197196
-0.036825 1.114749 -0.946797
0.004150 1.556642 0.902211
-0.040167 0.281334 -0.775566
-0.026157 0.126013 0.477223
0.074983 0.820901 -1.015976
0.058275 1.632190 0.692561
0.030598 1.929101 -0.458884
0.038507 -0.081263 0.118860
0.067967 1.503021 0.836692
0.000520 1.671539 -0.810637
0.000414 1.470194 0.882926
-0.021811 0.987579 1.070633
0.042008 0.207805 -0.651791
-0.095405 0.975205 -0.990663
-0.018349 0.117529 -0.314704
0.065008 0.073579 -0.444594
0.008308 0.426997 0.782753
-0.070452 2.064891 0.086049
0.000729 0.013201 -0.161982
0.090135 1.241163 -1.004771
-0.056084 0.866143 -0.915079
0.024496 1.876226 0.536097
0.060850 1.691798 0.768892
0.022949 -0.079193 -0.020696
0.007664 0.536234 0.892393
0.010919 1.999585 0.325866
-0.016879 2.003159 0.070324
-0.031795 0.963817 -0.952577
0.048410 1.104137 -1.062538
0.056163 0.318157 0.659086
-0.022446 0.188509 0.626313
-0.038619 0.824097 -0.938271
0.015827 0.348206 -0.669787
0.021313 1.816355 -0.632693
-0.067931 0.123199 0.344706
0.069208 0.171379 -0.458659
-0.003860 0.328756 0.826927
0.061530 0.092522 -0.404028
-0.002254 0.759966 -0.978138
0.028246 1.690105 -0.702253
-0.012327 0.053636 0.519810
-0.008155 1.651092 0.764376
0.001450 0.275888 0.688221
0.080103 0.221161 0.563854
-0.015990 1.803651 0.533979
0.008017 0.845637 -0.990834
0.010732 1.922574 0.524385
0.043362 1.064892 0.991037
0.035004 0.050312 -0.474273
0.006975 1.475400 -0.871442
-0.008855 1.852471 -0.531954
0.047570 1.993074 0.048405
-0.003001 0.171473 0.444185
-0.071527 -0.015028 0.120748
0.024219 2.088856 -0.048261
0.012173 1.374175 0.839558
-0.046604 1.605665 -0.689739
0.003937 1.717376 -0.752183
0.009847 -0.008878 -0.130526
0.028366 1.602042 0.791120
0.030308 0.535363 0.974644
0.026023 0.844405 -1.022576
-0.060364 1.697358 -0.642848
0.006220 1.220736 -0.984749
-0.065388 0.046059 0.137487
0.000749 0.746321 -0.967366
-0.019018 0.019950 -0.010430
-0.040146 0.469380 0.862622
0.056108 0.130954 -0.620944
-0.003838 1.126394 -0.992641
-0.026626 2.047366 0.136731
-0.014398 1.647322 -0.728399
0.015045 0.027354 -0.257657
-0.087425 0.901800 1.028364
-0.007360 1.695569 0.668623
-0.055235 1.708711 -0.707082
-0.000199 1.212554 0.977179
0.024172 0.386052 -0.813056
-0.038456 1.803038 -0.475377
-0.076528 0.499216 -0.806303
0.025741 1.925321 -0.284864
-0.057712 1.593431 0.847258
0.035179 0.694521 -0.891016
0.025135 0.000448 -0.179368
0.000919 1.494804 -0.868396
0.062177 1.459787 -0.913658
-0.014104 1.650598 0.627317
-0.084410 1.876402 -0.413788
-0.011827 0.719508 -0.964467
-0.069311 1.883628 0.390672
0.019894 0.768301 -0.938344
0.050535 1.645916 0.872315
0.019413 0.123337 0.506665
0.067344 0.204858 0.587122
-0.015357 0.229591 0.604807
-0.036944 0.862276 -0.979517
0.075671 1.790944 0.599994
-0.010568 1.028962 1.045008
0.023470 0.879125 0.987038
0.021546 0.703380 -0.971452
0.047061 1.614209 -0.700281
-0.028705 1.088683 0.975115
-0.046119 1.932434 0.378187
0.045853 0.910798 -1.028923
-0.000088 0.680377 -1.021487
-0.004539 2.000771 -0.062832
-0.000586 0.012604 -0.048982
-0.041628 1.717917 0.775355
0.034064 0.886126 1.027735
0.004528 0.000056 -0.203490
0.052483 0.215874 -0.622286
-0.042280 0.101007 0.530667
-0.003579 0.275266 -0.685383
0.036959 1.600953 0.885356
0.009310 0.001934 -0.021629
0.019196 0.086232 0.370208
-0.037834 0.047861 -0.503893
0.014044 1.869847 -0.463871
0.013682 1.556941 -0.781845
-0.004226 0.012577 -0.202026
-0.003731 0.129300 0.314181
-0.017117 0.180930 0.584524
0.054992 1.853135 0.448884
0.064724 0.136301 0.380773
0.038868 0.000359 0.282942
0.083776 0.098676 0.447101
0.035119 1.238913 0.973974
-0.011092 1.778366 0.594342
0.000201 1.926887 0.327142
0.061860 1.712918 -0.654164
-0.069774 1.696396 0.764958
-0.018850 0.725098 0.903112
-0.004274 0.193100 -0.595445
-0.034877 1.763719 -0.638870
0.056519 1.907451 0.190019
-0.063772 0.101298 -0.430233
0.048011 1.484135 -0.939500
-0.060951 2.041184 0.181485
0.062578 0.714195 0.904576
-0.026739 0.126829 0.418731
-0.020366 1.947136 0.128359
-0.016279 1.899767 -0.410351
0.092300 0.423560 -0.775063
0.035042 1.422396 -0.928300
0.049814 0.497183 -0.826630
0.018935 0.076218 -0.065382
0.036000 0.620735 0.836274
0.067130 0.367932 -0.853784
0.025338 1.318361 -0.907271
-0.003431 1.523205 0.866872
-0.083156 1.554747 0.856115
0.002441 2.028018 0.161873
0.048963 -0.006452 0.019204
0.018763 1.953345 -0.188112
0.032489 1.756365 0.735058
0.007426 0.725378 -0.959704
0.024889 1.133622 -1.003312
0.054371 1.688272 0.653781
-0.084748 0.211885 -0.635364
0.053041 0.622544 0.883109
-0.033142 1.671028 -0.698071
-0.001977 1.803672 0.593182
0.034270 1.311729 0.983671
0.005064 0.061582 -0.359303
0.076866 0.319482 0.780701
0.009976 1.967581 0.169994
-0.016888 1.670583 -0.720761
0.047668 1.896937 -0.583276
0.047758 0.097395 -0.487582
0.002974 0.094393 0.176619
-0.022965 0.019688 0.133525
0.010949 0.041082 0.171981
0.028719 0.384058 -0.849414
-0.025360 0.412267 0.875238
0.018100 0.769682 0.967348
-0.000431 0.095087 0.426612
-0.070972 0.130545 0.429009
-0.022530 0.094472 0.271090
0.043991 0.963166 0.934291
-0.046365 0.736494 -0.993188
0.027895 0.078704 0.327554
0.002718 1.638287 -0.781109
0.015263 0.377410 0.835608
0.076740 1.808924 0.657146
-0.039669 -0.057926 0.085792
-0.001515 1.983397 -0.183192
-0.005731 1.988631 -0.083608
-0.002927 1.819193 -0.569454
-0.028858 1.907045 -0.413880
-0.039464 0.180037 0.674506
-0.029594 0.133896 0.515743
0.025386 0.206870 -0.653837
0.058288 0.074512 -0.450056
-0.039873 1.992253 -0.150202
-0.005775 0.457549 0.835383
-0.004419 0.951028 -0.994897
0.014558 -0.001925 0.047392
-0.076585 0.513266 0.854615
0.084649 0.054687 -0.405867
-0.034262 1.915502 -0.102327
-0.024891 0.370737 -0.661316
0.083813 1.763118 -0.713138
0.057545 0.120302 -0.431131
0.014043 0.140400 -0.493949
0.038581 1.610703 -0.759311
-0.049146 1.862129 0.539359
-0.011756 1.968556 -0.189860
-0.008280 0.034150 0.056922
-0.023700 0.391110 0.861747
-0.044505 1.892018 0.374204
0.051622 0.810186 0.958582
0.069258 1.155931 1.008526
0.017244 1.354031 -0.924648
-0.003228 0.739582 -0.961075
0.006626 1.745495 -0.652855
-0.083639 1.727310 -0.758220
-0.012818 0.087570 -0.178949
0.062522 1.830296 -0.463859
-0.042764 0.570337 0.874580
-0.007944 0.062614 -0.330544
0.010089 0.696084 -0.921451
-0.025285 0.910025 -0.999951
-0.056065 0.095040 -0.428545
0.028336 1.838049 0.424965
-0.034248 1.908356 -0.186303
-0.001008 0.389005 -0.809953
0.000969 0.612854 -0.826739
0.012823 2.014057 0.018571
0.006315 0.672660 -0.997610
-0.022831 1.485038 0.878065
0.022333 0.190824 -0.609436
-0.048736 0.497352 -0.776202
-0.019632 1.569014 0.845259
0.005869 1.652421 -0.773267
0.008203 0.197249 0.688040
-0.062724 0.516385 -0.895466
0.046512 1.303109 0.961267
0.021298 1.174365 1.014707
0.000526 0.662189 0.940138
0.003613 0.989021 0.978731
0.029192 0.103392 -0.442301
0.006734 0.310759 0.602658
0.046581 0.503542 -0.859954
0.026197 0.082884 -0.573026
-0.020444 0.333713 -0.704542
-0.003899 0.893526 -1.006784
0.056056 1.415511 0.850713
0.009353 1.029161 0.904937
0.031940 1.791679 -0.632746
0.010783 0.243924 0.518939
0.009040 1.448204 0.876781
0.094506 0.076361 0.447844
0.013128 0.067870 -0.394398
-0.017535 0.425721 0.766618
0.017329 0.609065 -0.923699
-0.032651 1.745120 -0.541732
0.041603 0.444765 0.741937
-0.005913 0.479191 0.800542
0.045358 0.335163 -0.767303
0.024120 0.233229 -0.477760
-0.000667 0.068843 0.385698
-0.049598 1.801776 0.579289
0.026396 0.097280 -0.406586
0.026708 0.369419 0.770623
-0.045712 0.762752 -0.954129
-0.011592 1.699749 -0.661373
0.072980 0.450921 -0.821244
0.042000 0.065491 0.412097
0.006874 0.133874 0.500132
0.054330 0.067234 0.449952
-0.076342 1.817905 0.571937
0.001650 0.235103 -0.603924
-0.000644 1.815298 -0.578888
-0.002202 0.458074 0.803856
-0.000554 0.214380 0.496856
-0.021964 0.007441 0.130931
0.013981 0.083048 -0.434009
-0.096676 1.325117 -0.967914
-0.026099 0.468119 -0.871210
-0.051420 1.000000 1.006477
-0.028251 1.995048 -0.017460
-0.069560 2.045753 -0.088136
-0.080505 -0.037430 -0.119582
0.043118 0.672880 -0.936832
0.008028 1.774215 -0.636252
-0.025532 1.445221 0.923411
-0.008608 2.049212 0.041566
-0.009286 0.251530 0.747610
-0.079308 0.572611 -0.929562
0.019452 1.939413 0.249239
0.056426 0.032371 0.422388
0.083954 0.639308 -0.899185
-0.008843 1.770064 -0.668781
-0.047952 -0.012568 0.263562
-0.028922 1.357205 -0.878526
-0.073147 0.649193 -0.901444
0.003230 0.183577 0.572184
-0.056128 1.175692 0.910141
0.015154 0.053139 -0.360871
0.051553 0.691411 0.874858
-0.005106 1.392034 -0.946967
-0.067067 0.713872 0.880553
-0.057721 0.428011 -0.729758
